11648,690298661068; 6743,6441540830965
11657,498267521943; 6741,034632655526
11666,297895954536; 6738,960010695059
11674,397961035962; 6734,894478196519
11678,145911207594; 6728,807141154449
11678,447834711375; 6725,062527154129
11679,8787185873; 6720,760156147258
11679,088617901323; 6715,2044586563225
11678,557009215448; 6709,135804173602
11686,834731093024; 6733,839040685488
11684,019479101184; 6726,9655745899545
11693,475141792584; 6729,673528957773
11696,503432152522; 6722,884134379314
11697,336839519441; 6716,291182040551
11696,906496115174; 6710,421796086875
11698,243960385838; 6704,970737268729
11699,066207465392; 6699,093531359756
11699,865339643708; 6694,698761116752
11705,977443786142; 6724,415309919506
11702,423229848584; 6718,077696482879
11702,497102213361; 6713,340015488542
11704,148983608946; 6701,111835571162
11714,050263468514; 6722,097115680168
11718,532171328894; 6715,794865659453
11719,934125833583; 6700,852834294296
11720,998018950238; 6709,934618621318
11721,263721165484; 6692,894249883621
11721,91266606025; 6686,417430727349
11721,981772466008; 6681,985406571355
11724,587322261064; 6702,307773554039
11729,015034358898; 6712,868775616892
11738,317811893518; 6711,994267527204
11745,676452617068; 6708,622510387381
11748,20098110882; 6702,90355020433
11749,517577287499; 6696,559582155679
11750,376323669863; 6688,3415542930525
11753,88484217005; 6672,051819286566
11755,285499756192; 6680,668413229425
11760,025087134138; 6702,0934324904765
11758,353188710678; 6692,177251065712
11759,163640041661; 6687,056545831641
11767,702332218028; 6701,716635770526
11769,985345736552; 6695,8680891617805
11770,282928813369; 6690,17059168084
11772,731074301219; 6683,77220432347
11772,77961048743; 6677,312542619661
11771,085924822746; 6672,140523893498
11771,87909955229; 6668,127824698425
11771,958095323012; 6663,0615626028675
11779,370035354912; 6703,127783280609
11776,559152158838; 6695,974131749927
11776,652088359686; 6690,013823402212
11788,140670870147; 6702,912573753404
11796,941490792497; 6700,76153758335
11805,745090857605; 6698,43220159093
11814,569343411791; 6694,77835263235
11823,385652700948; 6691,633931737679
11830,741314700112; 6688,45321012182
11836,351622932454; 6680,067243102179
11838,28006895821; 6673,5301716329
11838,884313129023; 6666,015472229067
11844,871276804673; 6685,907700062869
11846,89898811138; 6683,045038126323
11855,674786748885; 6682,498700357577
11863,056304075719; 6677,659790393702
11864,154415075995; 6667,478008881385
11862,385018748057; 6673,855315948118
11865,309411201404; 6658,110493736772
11865,536151701679; 6643,56886965254
11866,158092332225; 6632,687987767931
11865,653036846592; 6651,69138240094
11866,065292301635; 6625,252065884155
11866,874194695938; 6620,230699122546
11866,974935154678; 6613,769877702042
11869,273289103789; 6606,9374981448755
11867,91257801695; 6600,491955594657
11868,225327056214; 6593,8218143888425
11869,471141934966; 6584,877288546782
11869,008510293103; 6577,062405743761
11870,280306457014; 6589,2103586843405
11870,88272367687; 6569,31783036817
11869,97433188807; 6561,977287579664
11870,320896541316; 6555,369687860187
11870,164493652881; 6549,781579729725
11875,591218845984; 6643,535010917975
11875,148614444766; 6628,411340684433
11874,529278070397; 6621,275206700896
11875,403950699147; 6612,035775570135
11875,135388908491; 6605,831418347647
11875,215933615893; 6600,665817779628
11875,320784714286; 6593,941367336053
11874,027780032744; 6583,1535873261055
11874,129294959825; 6576,643096669371
11877,186895967721; 6661,686392787859
11876,572444701347; 6654,23696054502
11874,432409953359; 6650,915802003436
11875,406095380706; 6635,3263500560715
11874,947133527286; 6617,904863462249
11875,376069838892; 6590,395748011259
11878,015696240926; 6671,007655434957
11882,05294012494; 6677,604441722974
11890,841527419143; 6676,237924771338
11899,60084378171; 6676,7486502352
11908,364131776794; 6677,004661667109
11917,162568719634; 6675,006453916228
11925,975303539528; 6672,091275650314
11934,788991551224; 6669,114966016731
11937,80584360952; 6663,059147850299
11939,092346161258; 6654,182685349824
11938,761060945671; 6648,654116151519
11939,96565708743; 6618,255590386371
11941,091281288265; 6639,778038558972
11941,596687412311; 6628,662950103285
11941,362202228634; 6622,402975583289
11942,047887561044; 6611,89643254548
11941,618372525843; 6605,97392052228
11941,704755533041; 6600,43389032729
11941,537065264998; 6592,445930133882
11941,629572529535; 6581,827506888981
11941,746973986674; 6571,695035652966
11941,804006629589; 6558,926406573983
11945,16079071483; 6636,496154697001
11941,189197916287; 6586,642078688806
11942,270117421533; 6564,175347878693
11947,717608578927; 6659,9438628517555
11946,034112988526; 6650,771446400296
11946,116722944835; 6645,47339453566
11946,405063465414; 6626,981155815829
11946,483701789208; 6621,937817983147
11946,583786928582; 6615,519024377916
11956,810740654371; 6662,473993993108
11965,615135045984; 6660,093715194296
11974,370678357664; 6660,846418988514
11983,128207485599; 6661,471765766756
11991,921878469422; 6659,779214854219
12000,713166473735; 6658,2394923608545
12009,48896511124; 6657,69315459211
12018,304082910643; 6654,625147907023
12027,064392181339; 6655,072194862897
12035,85472699385; 6653,593603737201
12037,769212731317; 6647,951852090239
12038,947357800527; 6642,677841841094
12039,036719532112; 6636,9467761221385
12039,124294029065; 6631,330331717561
12040,576124294876; 6616,31335088089
12041,694337429437; 6588,331105968975
12041,40647350476; 6625,535275055526
12042,112056716069; 6607,058866128145
12042,366552119109; 6601,447225356357
12042,602610069262; 6595,679290178439
12043,031010210478; 6579,918621153359
12042,950525077566; 6573,3663409793035
12043,414729485903; 6564,893655891103
12043,203716650387; 6557,128321442261
12043,2940712901; 6551,333577215316
12043,42473799984; 6542,953485564042
12043,941606255325; 6533,233121508791
12043,410387167687; 6517,842607751511
12043,976261585898; 6500,888690988727
12043,679121062418; 6526,639051817414
12043,813354298154; 6508,65897894017
12044,05784799577; 6492,978783133105
12047,817999022487; 6636,048932989297
12047,20986265181; 6628,194505435651
12047,357369083413; 6618,734426288894
12047,4738967814; 6611,261116591375
12047,794804688601; 6590,680222809524
12048,301028968946; 6605,070612423099
12047,682169190479; 6597,903912755728
12052,068519572551; 6644,5863224702
12059,95369663988; 6640,914777430136
12064,336693829357; 6630,915375552408
12066,560609456057; 6636,666347093528
12073,500935148099; 6642,272531069191
12082,809670131492; 6641,015951931573
12091,62955388991; 6637,642288408142
12100,401778058153; 6637,325193268155
12109,17519371615; 6636,931683918582
12117,990311515552; 6633,863677233496
12126,779216540355; 6632,4767831593035
12135,710671399384; 6631,3189410755085
12144,340742896653; 6630,747322541929
12153,128059268452; 6629,462314080518
12161,90981535473; 6628,533905263842
12170,846274470727; 6627,055123499786
12179,464987099003; 6627,211987097593
12188,269381490616; 6624,831708298781
12197,083307800263; 6621,840115823281
12204,435395330163; 6618,888636836182
12206,43926662901; 6612,19991519871
12208,305405116498; 6604,9732098378
12209,15572029041; 6597,295903477292
12209,244486277117; 6591,603044863128
12209,68126939982; 6583,671933028886
12209,489933166537; 6575,861717688395
12209,582869367385; 6569,901409340681
12212,599006531826; 6563,891439700001
12211,971925474054; 6557,251998078774
12210,572639906415; 6553,2803655639045
12212,119670203607; 6547,7766360901
12212,95371303173; 6541,1429295062235
12212,89003981925; 6535,855256841228
12212,382393694466; 6530,927302876368
12213,208294675933; 6524,815760057997
12213,147496925394; 6519,343674433867
12213,379233739373; 6513,852868122714
12213,484998313244; 6507,069833451789
12213,567568553228; 6501,774328727474
12212,906053441551; 6497,343257763285
12213,746411165372; 6490,304555868603
12213,818972891419; 6485,65093050481
12213,9204878185; 6479,140439848076
12213,514428110178; 6471,713659527597
12213,852529575595; 6462,200537526476
12214,342227531988; 6452,092866222986
12214,463966011834; 6444,285371715545
12213,819687785272; 6438,748841852676
12210,941525134396; 6435,9100460232885
12215,669356480097; 6601,260863649536
12218,25322116162; 6576,117729120304
12217,747314611875; 6467,9944821314075
12219,109902295077; 6568,032152554293
12218,467689317424; 6562,363171394809
12218,570157436307; 6555,791549370406
12218,63807235231; 6551,435939423999
12218,75424260337; 6543,985553989356
12218,831093692534; 6539,056837471054
12218,164812621839; 6534,931423345209
12218,977646932331; 6529,6578896919655
12219,095604418024; 6522,092882942943
12219,184966149609; 6516,361817223988
12218,507961671125; 6512,924130984417
12219,327944920144; 6507,192112073657
12218,67238725724; 6502,378970061538
12218,779621335141; 6495,5016911987905
12218,853493699917; 6490,764010204453
12218,99051502168; 6481,976376102054
12221,690371230801; 6589,963038648763
12221,32750302608; 6581,997492760617
12224,375899775623; 6605,156101812981
12223,013699326593; 6598,806077024746
12221,604881840918; 6595,445758186565
12229,371250358445; 6612,781298652767
12237,414902371629; 6612,333724264095
12240,037092172168; 6604,813917870398
12243,095110975173; 6597,334984341238
12243,595016749246; 6590,832309857293
12249,523810192955; 6608,877064741675
12258,635430217755; 6610,221502064283
12267,43783879311; 6607,968580281448
12276,228729634171; 6606,45432919128
12285,015251679466; 6605,220263536259
12293,822227632214; 6602,674420616678
12301,163631470648; 6600,408122375533
12303,684091875952; 6592,718812606813
12306,057947977612; 6587,737976922394
12303,944068131863; 6581,400667599342
12312,903975766227; 6597,160550241185
12321,704795688576; 6595,009514071132
12329,094891741643; 6589,620421798236
12329,917972864025; 6583,689725942552
12330,736168878413; 6578,072328346172
12330,398000256302; 6571,646465235064
12332,373752396945; 6566,761118943824
12332,458348169512; 6561,335710063212
12333,277497375702; 6555,657181099163
12332,629326949276; 6550,37027098761
12332,724646129633; 6544,257134220723
12332,81341211634; 6538,56427560656
12332,902773847925; 6532,8332098876035
12333,486722976586; 6526,620099187053
12334,403322805918; 6514,691736925635
12333,314552707066; 6506,424459054653
12334,41713349605; 6501,31101396482
12334,810897030104; 6494,800142031364
12333,556901723125; 6490,8818088248445
12335,097974571543; 6485,76015039897
12335,326065426872; 6476,338172446805
12335,354542032004; 6469,305623934766
12335,762400322477; 6463,229558007523
12335,934996124051; 6453,377459131284
12335,869940783457; 6436,2513840081465
12336,000587635035; 6427,872565927033
12336,466552198692; 6419,286996211034
12336,735280075798; 6406,785535240751
12336,455796295726; 6398,67851715467
12335,264425690242; 6521,941325446176
12337,517362603105; 6444,390457329381
12337,548511549543; 6391,074032378449
12336,67312402694; 6384,7405653261685
12337,00304753995; 6379,200217400576
12337,294315721068; 6364,982717111131
12336,24954941923; 6411,905816834021
12337,583064752422; 6373,239273591659
12337,823745682823; 6357,803603255271
12339,998166825124; 6480,7456720367945
12341,48102348414; 6544,956348068231
12341,2046216909; 6534,569172332181
12341,03075950593; 6526,977037744429
12341,480761356393; 6516,85941511851
12341,307185128964; 6509,248941120458
12342,134913061389; 6503,020229847389
12340,73979770789; 6498,781147598968
12341,555014997892; 6493,354785526552
12340,904223294006; 6488,235986676089
12340,420240155743; 6472,419198483573
12340,53104870291; 6465,312676992067
12340,708580676323; 6453,926959763741
12340,927814791145; 6439,866745199902
12341,081516969469; 6430,009312163297
12341,285261717483; 6416,942482324077
12346,474199598159; 6552,72100084051
12352,067290803549; 6568,867339212579
12351,14895858594; 6560,825559540438
12353,440268277409; 6574,526197475109
12354,080610616149; 6580,315148943643
12356,905692398463; 6586,558197810092
12365,700554872039; 6584,789232687968
12373,81007243885; 6580,1174807933785
12374,75554338881; 6575,7087653542885
12374,723945080521; 6568,364022167235
12376,252149839593; 6564,06763720489
12383,303386206491; 6580,410746138276
12379,740831840654; 6574,608032168752
12392,083950803015; 6579,558751531186
12400,893111153644; 6576,872815894031
12402,372226534831; 6575,724696366633
12411,110294663446; 6577,598141901446
12417,74887841205; 6573,54979862843
12419,315925737117; 6566,762310433579
12422,322054387621; 6561,394220153422
12428,40590320159; 6572,8416315864815
12425,156608513484; 6567,0297760536605
12437,43729341271; 6575,984599998405
12446,210709070707; 6575,5910906488325
12454,97816727993; 6575,57965234719
12463,775412733015; 6573,657858805895
12472,602445429962; 6569,8257100249475
12481,387775985504; 6568,668058579514
12489,471319075667; 6565,6621364539
12494,143805722273; 6558,851493641487
12496,831416064473; 6551,784486363164
12496,521888208303; 6544,563045243548
12503,05430227652; 6561,380589510631
12512,155298184343; 6563,406386868714
12520,965252861475; 6560,669508425169
12529,75415788628; 6559,282614350976
12538,501360769678; 6560,570217612297
12547,305755161291; 6558,189938813485
12556,132787858238; 6554,357790032538
12561,292415090955; 6551,447377725643
12566,943446740976; 6537,102807890764
12567,191004269387; 6548,00111275984
12567,9823917643; 6544,103034879146
12570,433180279026; 6527,494518513907
12569,721847656838; 6502,830290493997
12571,795329191396; 6520,460351340972
12571,367056709798; 6514,458150213491
12570,717575644641; 6509,2552957324815
12577,051058583453; 6544,855330162591
12576,113356146692; 6538,055827212006
12575,456606994032; 6533,319099409473
12574,793900392602; 6528,964442654869
12581,000132225638; 6552,644268900323
12589,794994699214; 6550,875303778201
12598,62202739616; 6547,043154997254
12607,428804767282; 6544,51004777927
12613,29256840232; 6536,6035124070295
12614,936977455016; 6531,548307336393
12621,599532842727; 6539,350080120909
12630,915927403114; 6537,602266778808
12637,528060079168; 6535,250318958603
12641,809309717375; 6528,429452407595
12643,173139954179; 6524,634330589209
12650,001448588017; 6531,846418072959
12658,792339429077; 6530,33216698279
12667,560989128056; 6530,244314471562
12676,356645928136; 6528,424406543048
12685,146345279443; 6526,986569662465
12693,92810136572; 6526,058160845789
12702,733687247088; 6523,601467837391
12711,51663482312; 6522,596644811129
12720,33651858154; 6519,222981287699
12728,44889572376; 6514,367835290102
12729,28329599881; 6507,711204443351
12730,832431261235; 6502,07247653261
12731,041471519267; 6493,87227688705
12733,051995113452; 6486,905671343951
12732,96682061729; 6478,980698518824
12734,950646803147; 6472,238787076585
12733,107858961654; 6465,472940307308
12733,374990964603; 6452,8033735777635
12734,40753598582; 6460,214054034779
12739,406788697586; 6514,445234464552
12738,051349952912; 6507,661559036915
12737,7879115682; 6501,128620713207
12737,513749775699; 6495,283410275773
12737,57809022244; 6491,157042958124
12737,663877484762; 6485,6552198679265
12737,749664747082; 6480,153396777729
12748,188306485912; 6513,532108489793
12757,017722162369; 6509,547131289674
12765,818542084717; 6507,396095119621
12774,622142149827; 6505,0667591272
12783,411841501134; 6503,628922246618
12792,236491218573; 6499,949601884842
12799,62444259008; 6494,698055189202
12802,621277620501; 6489,925995743816
12805,640274360354; 6483,732632000128
12811,414900944732; 6478,865253374386
12814,283204868954; 6471,626324463347
12816,194887768619; 6462,8174538527655
12815,884321992486; 6454,62132821958
12817,464618683622; 6446,9841140141325
12817,284465432747; 6439,795446452995
12817,371682482775; 6434,201926311293
12818,194882754131; 6428,263589034652
12818,299435980085; 6421,558242143473
12817,95818139951; 6415,330291835194
12819,111325609416; 6402,957796863149
12819,935291838472; 6410,357833345025
12820,675763004545; 6394,106442645183
12820,202934479888; 6373,111772840411
12821,02717304946; 6387,188091806722
12822,58468845649; 6381,011917288559
12824,053386812968; 6367,144379100289
12822,898884304743; 6360,861490220709
12824,88157741479; 6352,975201508913
12825,329999999743; 6345,5146573604125
12831,455363721016; 6387,768322352596
12831,630097395635; 6381,917068225228
12829,253218314258; 6375,043030214612
12829,333048127806; 6369,923278172345
12829,406920492582; 6365,185597178008
12828,74421389115; 6360,830940423404
12841,555906057616; 6382,586738422335
12848,324362189456; 6375,415495207367
12848,857990734154; 6382,842109097531
12851,25050216111; 6369,9710966278235
12854,78684375235; 6377,454923208242
12856,884580614054; 6383,488786190132
12864,116923423631; 6388,216935266433
12869,978576419675; 6387,1395107978
12874,4588161944; 6380,944240670506
12881,824605856476; 6377,113998273166
12890,601000238858; 6376,5294533996275
12897,817829851832; 6372,881267459463
12902,594321639104; 6366,428864311239
12902,686066350198; 6360,5449701731095
12904,269919638251; 6355,022471558366
12904,220609834763; 6346,47081359049
12904,437016147232; 6337,798204320334
12904,473078570469; 6330,279152007263
12904,239546578594; 6319,225092571479
12904,025396153393; 6312,134277562692
12905,267166775491; 6326,207868584841
12911,154317652281; 6370,351420157448
12909,047763766395; 6364,883022326495
12909,138793583636; 6359,044976714118
12909,212665948413; 6354,307295719781
12919,921775861505; 6370,339981855805
12927,306629359653; 6365,2871121050875
12931,687703144242; 6358,7579388890035
12940,54360393581; 6359,768131562426
12948,64192149893; 6355,814673237945
12952,751131364113; 6342,177294558168
12953,114654888199; 6350,100812631043
12957,000817871349; 6335,149427276987
12956,585617734483; 6328,30885310719
12957,271941364976; 6317,7613738856735
12957,686917388291; 6306,766324965795
12959,957547356633; 6323,578222100992
12960,280393420502; 6312,244275896824
12959,322027147142; 6300,076265077291
12958,390500031566; 6292,880718194738
12961,118249015839; 6345,528535379171
12959,22473349805; 6286,2347853373285
12965,46510151255; 6354,581584604523
12963,509807250992; 6339,4124028666165
12962,174862130094; 6331,314403034099
12964,854284289926; 6346,899089022446
12974,251683132334; 6353,343698239023
12983,0912264717; 6348,709200257423
12991,90515278135; 6345,717607781922
12994,00071091893; 6338,503702425232
13002,528713730073; 6335,999340748639
13008,958135423913; 6329,746510545633
13011,985806209179; 6322,99685135616
13010,245039677911; 6317,497411245471
13014,644190064202; 6313,155799601551
13013,10561594001; 6307,407208770434
13021,169230512967; 6323,083115214383
13029,589670168085; 6318,55213915816
13031,846272330382; 6314,397440861905
13030,462237831602; 6309,447706464334
13039,985747353878; 6321,191914590974
13049,308269575859; 6319,051113885287
13055,947012189763; 6314,992582050993
13059,593447434314; 6308,721987076174
13064,869364067066; 6305,0472965031595
13072,8914262859; 6305,984347592188
13081,723701537767; 6301,815976289062
13090,400797164011; 6298,228543617151
13099,344405218535; 6296,291276595578
13108,130450667928; 6295,087776624392
13116,949619532495; 6291,759961626713
13124,299919827765; 6288,923103953993
13126,602735906006; 6281,804553181926
13129,40075555174; 6276,395689895421
13129,285793811716; 6270,381072309946
13137,538085893677; 6283,327709201745
13146,35082071357; 6280,412530935831
13155,201683205605; 6275,052097963162
13164,061362721824; 6269,126199839557
13172,899039393911; 6264,611417452974
13180,27038934151; 6260,424575410899
