7077,213115978894; 33192,21970554949
7082,214515794409; 33191,98369547841
7087,359943524625; 33197,03933978553
7092,512032763592; 33233,30831603559
7097,445435119679; 33249,24628185865
7102,808635408045; 33270,34875377706
7107,953148813531; 33271,120215268485
7111,31342281621; 33233,402850681836
7116,515669297541; 33217,731651344344
7121,651300691357; 33176,88533691185
7125,929426105715; 33135,5024281531
7131,062641069886; 33083,33363056483
7136,209440287198; 33094,8155490955
7141,359439641067; 33121,29210748111
7146,509438994936; 33147,76866586671
7151,659307730986; 33173,63319813579
7156,809045849218; 33198,88570428834
7162,166107100108; 33191,22294872993
7165,11067030225; 33128,26063341518
7164,9270738963505; 33071,47969615942
7165,489775459109; 33029,81163237532
7166,190148202729; 32963,64995196505
7168,964999673094; 32908,96507558149
7172,749058523473; 32991,71625982149
7172,090364059816; 32889,686338628795
7172,613514547087; 32930,52442413871
7174,3562174835615; 33061,347149495195
7176,28037469371; 33149,63769800346
7174,363427587151; 33095,13099112755
7180,813466090078; 33186,981196296256
7185,963465443947; 33213,45775468186
7191,109285027619; 33220,34947733857
7196,2573251142085; 33237,64564397625
7201,40510396516; 33253,71775838087
7206,549356135009; 33253,26516763924
7210,745610300633; 33230,00577510875
7212,8196645194685; 33172,536579912055
7212,522117128576; 33117,47937335461
7213,111778209105; 33068,219671332554
7213,0523508335555; 33019,33183824021
7213,951128311772; 32983,684635461395
7214,6240974370385; 32923,03370449289
7217,653438134377; 33056,43619707669
7218,983519381725; 33262,57585066127
7218,114127180768; 33206,344879730954
7218,104722697825; 33162,278999340924
7218,095318214881; 33118,213118950895
7218,0676272373275; 32988,46358224693
7221,995566279875; 33314,94608541674
7227,1416470991835; 33323,0618603065
7232,287205447218; 33328,72953073015
7237,431980088341; 33330,72504445462
7242,5777996720135; 33337,61676711133
7247,722313077499; 33338,38822860275
7252,865781540435; 33334,26348116195
7257,205502586132; 33294,53639816304
7258,24451881833; 33227,29571660733
7259,580484398409; 33159,70103219042
7259,674365955566; 33097,417945859896
7260,737647246533; 33057,78676899434
7261,306864772474; 32998,8236978057
7260,239617178146; 32933,782803181064
7260,912257146509; 32871,58956639891
7262,3311323869775; 32824,215430552475
7261,920731200768; 32776,022974072184
7261,910386269531; 32727,550505643154
7261,901504257863; 32685,93272971924
7261,89189078641; 32640,88760754277
7261,882172820702; 32595,352864473072
7261,872768337759; 32551,286984083046
7262,120080115597; 32504,87277491313
7261,85442959602; 32465,35851732249
7262,102246429424; 32421,310809136485
7262,0864199037305; 32347,15364468382
7264,215860431601; 32281,376266386873
7263,774955630809; 32224,169139516074
7263,76557727143; 32180,225664349353
7263,756303406306; 32136,771810075854
7263,746768305544; 32092,093903569297
7262,939662144396; 32040,753753586185
7263,766796371071; 31962,74819362133
7263,2781115722155; 31904,851627806816
7263,2688324823785; 31861,373292488657
7263,25930260633; 31816,71986702676
7263,249898123386; 31772,653986636735
7263,240493640443; 31728,58810624671
7263,2310891575; 31684,52222585668
7263,221684674557; 31640,456345466653
7263,212280191614; 31596,390465076624
7263,202875708671; 31552,324584686598
7263,193471225728; 31508,258704296568
7263,183910001402; 31463,458392566707
7263,174662259842; 31420,126943516516
7263,165257776898; 31376,061063126486
7263,155853293955; 31331,99518273646
7263,146448811012; 31287,92930234643
7263,137044328069; 31243,863421956405
7263,127639845126; 31199,797541566375
7263,118235362183; 31155,73166117635
7263,1088308792405; 31111,665780786323
7263,0994263962975; 31067,599900396293
7263,090021913355; 31023,534020006267
7263,080617430411; 30979,468139616238
7263,071212947468; 30935,40225922621
7263,061808464525; 30891,336378836186
7263,052403981582; 30847,270498446156
7263,042999498639; 30803,20461805613
7263,033595015696; 30759,1387376661
7263,024190532753; 30715,072857276075
7263,01478604981; 30671,00697688605
7263,005381566867; 30626,94109649602
7262,995977083924; 30582,875216105993
7262,98657260098; 30538,809335715963
7262,977481600802; 30496,212318005604
7262,96745015233; 30449,20871225624
7262,958045669387; 30405,142831866215
7262,948641186444; 30361,076951476185
7262,939236703501; 30317,01107108616
7263,145469177372; 30278,98539130219
7262,921681668674; 30234,754761024775
7263,22815025658; 30164,221065479378
7262,893468219844; 30102,55711985469
7265,6562701964385; 32000,12026456196
7263,740498650249; 30054,009219635387
7263,731094167306; 30009,94333924536
7263,721689684362; 29965,877458855335
7263,712285201419; 29921,811578465306
7263,702880718476; 29877,74569807528
7263,693476235533; 29833,679817685254
7263,68407175259; 29789,613937295224
7263,674667269647; 29745,548056905194
7263,665262786704; 29701,48217651517
7263,655858303761; 29657,416296125142
7263,648021234641; 29620,69472913345
7266,12081246848; 33172,43743282408
7265,678997696885; 33110,96652400814
7265,668417653574; 33061,39240856936
7265,659013170631; 33017,32652817933
7265,649608687688; 32973,260647789306
7265,640204204745; 32929,194767399276
7265,630799721802; 32885,12888700925
7266,046948092031; 32826,33666392741
7266,036237430902; 32776,1505223721
7266,026832947959; 32732,084641982074
7266,017428465016; 32688,018761592044
7266,008023982073; 32643,952881202018
7265,99861949913; 32599,88700081199
7265,989215016187; 32555,821120421962
7265,979810533244; 32511,755240031936
7265,970406050301; 32467,689359641907
7265,5320526508995; 32422,43714291396
7265,5226481679565; 32378,37126252393
7265,942715072746; 32337,939822937937
7267,870477334689; 33335,88115019152
7267,000719403839; 33277,936506134916
7266,992359863445; 33238,76683467712
7266,787551123796; 32279,109883960962
7266,778303382236; 32235,778434910768
7266,764823623351; 32172,61733968506
7266,747582071289; 32091,829892303344
7270,943324961452; 33386,18259462624
7276,032027238996; 33412,40224408978
7281,177977440487; 33419,905992863016
7286,3230133172465; 33423,125558820546
7291,468571665281; 33428,7932292442
7296,614130013316; 33434,46089966784
7301,757729094072; 33430,94817834357
7306,47070735029; 33418,415186389815
7308,1732322457465; 33360,978678302235
7309,8773245550265; 33310,88648361299
7309,8679200720835; 33266,820603222965
7309,858515589141; 33222,754722832935
7309,505220513247; 33174,312427120014
7311,121720513338; 33115,5370047551
7311,536432087563; 33050,01249439145
7314,051683442308; 33357,20895009253
7315,543749444475; 33461,473807471295
7314,186145156767; 33413,32971223836
7313,729244027118; 33281,169786963415
7313,719839544175; 33237,103906573386
7313,710435061232; 33193,038026183356
7314,125799724549; 33130,57364640235
7320,633179449866; 33491,10331672692
7325,778999033538; 33497,995039383626
7330,924557381572; 33503,66270980727
7336,0707688187; 33512,39051081356
7341,215282224186; 33513,16197230498
7346,360840572221; 33518,829642728626
7351,813369453779; 33528,05509762398
7355,9331674122395; 33510,03098155572
7356,637981161694; 33464,67818910741
7356,628576678751; 33420,612308717384
7356,619172195808; 33376,546428327354
7357,038298652303; 33331,70840070236
7358,74082354776; 33274,27189261478
7360,87646406809; 33237,545353982365
7361,297118753063; 33199,86803192075
7365,753948003026; 33421,907874206154
7365,190574691485; 33364,77564032713
7365,181170208542; 33320,7097599371
7365,173333139423; 33283,988192945406
7364,306553294839; 33239,99774434565
7367,73000900237; 33498,326155553914
7372,943264699844; 33534,2400146095
7378,089998608247; 33545,415920081905
7383,234642631551; 33546,799407689854
7388,3796785083105; 33550,018973647384
7393,525498091983; 33556,91069630409
7398,67184014693; 33566,250523426905
7403,817137259327; 33570,694141617496
7408,961389429175; 33570,241550875864
7414,106686541572; 33574,685169066455
7419,2519836539705; 33579,12878725705
7424,396497059455; 33579,90024874847
7429,540879847123; 33580,059684123364
7434,6844789278775; 33576,54696279909
7437,798221127692; 33531,506836754175
7439,892420346101; 33472,77682040847
7439,366866490967; 33420,67745435444
7439,354886971028; 33364,54591623857
7442,3498509244655; 33336,87187818239
7441,48026279678; 33279,722868077275
7441,470858313837; 33235,65698768725
7441,45988641707; 33184,246793898885
7441,450481934127; 33140,180913508855
7441,441077451184; 33096,11503311883
7441,431542350422; 33051,437126612276
7441,4222684852975; 33007,98327233877
7441,106098725403; 32961,321362803006
7441,9515318864815; 32905,289257501594
7441,388830323723; 32851,30458650757
7441,092589111016; 32802,3676411154
7444,019264202893; 33526,02823562303
7443,23210898056; 33453,387421590734
7443,222704497617; 33409,321541200705
7442,78696345459; 33376,30984680332
7446,69315463033; 33600,89000157119
7444,970370911201; 33563,40125898526
7451,840345701099; 33614,20799845144
7456,984597870947; 33613,75540770981
7462,128850040795; 33613,30281696817
7466,839242064204; 33588,65170790716
7466,969546400092; 33529,6398183088
7469,561683134834; 33489,26209530073
7469,551024720832; 33439,32076419203
7469,541620237889; 33395,254883802
7469,532215754946; 33351,18900341197
7469,779109555765; 33302,816310669165
7469,769731196386; 33258,87283550244
7469,330450410473; 33209,27523334714
7470,171446297654; 33132,45172654424
7470,062550222243; 33023,94703926283
7470,871996308314; 32971,467918228285
7471,252374055921; 33175,505278021636
7471,36138768737; 33083,690045773874
7470,338571796621; 32911,18542747175
7470,113517295082; 32861,01814386401
7470,104112812139; 32816,95226347398
7470,094708329196; 32772,88638308395
7470,086348788802; 32733,716711626148
7473,266892673014; 33575,60063670294
7472,400112828429; 33531,61018810319
7472,813126371011; 33458,12933822467
7472,803721888068; 33414,06345783464
7472,794317405125; 33369,997577444614
7472,784912922182; 33325,93169705459
7472,775508439239; 33281,86581666456
7472,766103956296; 33237,79993627453
7475,79076480379; 33636,23261176052
7480,999728772937; 33652,03704127304
7486,143980942785; 33651,5844505314
7491,2853595206225; 33637,667285226154
7496,428827983558; 33633,542537785346
7501,576214981054; 33647,77857384039
7506,7209896221775; 33649,77408756487
7511,864458085114; 33645,649340124066
7517,008449019325; 33643,97269714937
7522,153746131722; 33648,416315339964
7527,29799830157; 33647,96372459833
7532,442250471418; 33647,51113385669
7537,586633259086; 33647,67056923159
7542,731407900208; 33649,66608295607
7547,8752682166005; 33647,37741386485
7553,020042857724; 33649,37292758933
7558,163511320659; 33645,24818014853
7563,307763490508; 33644,79558940689
7568,452015660356; 33644,342998665255
7573,596267830204; 33643,89040792362
7578,740520000052; 33643,437817181984
7583,882682284802; 33633,19280857591
7589,0258895121015; 33627,844008902044
7594,16818241467; 33618,211026412486
7598,453099955596; 33608,6534757132
7598,87081573965; 33557,205566029705
7598,764405756721; 33504,98771872933
7600,927598550921; 33437,93957872313
7600,54920246222; 33386,66663160772
7600,539797979277; 33342,60075121769
7600,527746308542; 33286,13114153269
7602,968819182084; 33475,32161471484
7603,581873913934; 33535,67579016298
7605,307269989437; 33585,40505507948
7610,4546569869335; 33599,64109113452
7615,5987785389625; 33598,576474276364
7620,742638855355; 33596,287805185144
7625,885715464836; 33590,326979394755
7631,028922692134; 33584,97817972089
7636,171346212522; 33575,95722334787
7641,3148146754575; 33571,83247590706
7646,457760667119; 33565,259624000144
7651,600967894418; 33559,91082432629
7656,745089446448; 33558,84620746812
7661,887774202472; 33551,04930332815
7667,027977219943; 33531,62390297415
7672,16844147305; 33513,4225548532
7674,302292529264; 33468,31125842435
7675,004546169473; 33410,962754092085
7674,70699877858; 33355,90554753464
7674,409451387687; 33300,848340977194
7675,6449000254215; 33230,96735899884
7677,52494759821; 33168,37411657612
7677,314234933158; 33118,45038621848
7677,217995724374; 33069,25102962864
7677,208591241431; 33025,18514923862
7678,4831925703065; 32971,36670982786
7678,3474293425825; 32909,14754459234
7677,602795818128; 32863,57253858005
7679,568489494607; 33235,76327793718
7681,483973681597; 33473,12654961792
7680,2948290605755; 33425,18621818208
7681,142799939274; 33381,04490600178
7680,27602009469; 33337,054457402024
7680,267051004475; 33295,02866406709
7680,239969576741; 33168,13524924025
7680,230565093798; 33124,06936885023
7680,221160610855; 33080,0034884602
7680,211756127912; 33035,93760807017
7684,1760069240445; 33532,56337163481
7689,319997858255; 33530,88672866012
7694,463074467736; 33524,925902869734
7699,607457255403; 33525,08533824463
7704,748705215422; 33510,55614682285
7709,889430704166; 33493,57885093495
7715,031592988917; 33483,333842328866
7720,175714540946; 33482,2692254707
7725,3172237366025; 33468,96408628198
7730,459386021352; 33458,719077675894
7735,601417688283; 33447,86204295328
7740,741228852297; 33426,60056424969
7743,0182892848825; 33382,94555853546
7743,933005868913; 33316,76502017763
7744,565457346833; 33267,13433089614
7744,124360973241; 33209,0295657211
7744,965800961007; 33134,28694771439
7747,097026599065; 33076,87392634333
7746,657040476931; 33023,97138315878
7746,643769706556; 32961,78952971952
7746,81872158773; 32868,49960597193
7747,0384445074; 32802,38021308045
7746,660249943332; 32752,051534830534
7747,878839552615; 32722,741386141515
7749,5690341259915; 33277,09875610053
7749,45002263351; 33197,719205531626
7749,254767654312; 33143,70220662748
7750,814540335762; 33421,736070956555
7749,727604157837; 33350,52931811886
7748,862914198351; 33316,33128738356
7748,778273851864; 32919,73836387331
7756,177250807308; 33440,54344493799
7761,320327416788; 33434,5826191476
7766,460269198621; 33413,933166560535
7771,602300865552; 33403,07613183792
7776,7445937681205; 33393,443149348364
7781,887278524145; 33385,646245208394
7787,027612159433; 33366,83287097092
7792,170035679821; 33357,811914597885
7797,313242907119; 33352,46311492403
7802,45436024932; 33337,321897385715
7807,596653151889; 33327,68891489616
7812,739207290094; 33319,27998463966
7817,87980216102; 33301,690662635236
7823,019352089397; 33279,20513169859
7824,294181999455; 33226,45773799176
7825,142675349428; 33184,76453027757
7825,133270866485; 33140,69864988755
7825,122690823174; 33091,12453444876
7827,0582925291055; 33030,139958074025
7826,810246916612; 32963,54983340706
7829,776577578233; 33203,45241344578
7828,992243700783; 33144,03136353049
7828,98283921784; 33099,96548314046
7832,442252144877; 33239,81773666432
7837,586112461269; 33237,5290675731
7842,726707332195; 33219,93974556868
7847,867563438758; 33203,574475797315
7853,008027691865; 33185,373127676365
7854,926378939975; 33134,864258063804
7856,823929300463; 32986,89022939414
7856,842052522801; 33071,80885306242
7856,832648039857; 33027,7429726724
7857,242004283517; 32937,125391531095
7856,803180659969; 32889,669880783644
7857,6513605271775; 32846,50781038979
7861,570940029331; 33133,8206421018
7860,251177589656; 32976,031051722945
7860,271553969366; 33071,507125901335
7860,262149486423; 33027,44124551131
7866,716237141728; 33138,26426029239
7871,8569626304725; 33121,2869644045
7876,996904412305; 33100,63751181743
7881,707662165607; 33077,7000758827
7882,185566640496; 33021,315596361004
7884,251418060319; 32944,54170800197
7886,592350606226; 32865,38290154658
7885,5124024816; 32826,91954594315
7889,645784693201; 32968,19888077193
7887,677000972325; 32925,87919734503
7891,5547827725095; 33017,34367176803
7896,698381853264; 33013,83095044376
7901,83806239946; 32991,95744562364
7906,978134799111; 32971,9200191531
7911,810359659885; 32944,21548999988
7917,255406006403; 32918,380591648405
7922,39391099223; 32890,998851779535
7927,533722156245; 32869,73737307594
7932,6713128173415; 32838,07145039138
7934,806626793124; 32799,81484646764
7937,367310757135; 32745,975063288955
7937,356182118985; 32693,830438160756
7937,346777636042; 32649,76455777073
7937,852895559761; 32610,794437685374
7937,696400485263; 32566,21689464523
7939,244621886623; 32503,167587863256
7939,0174840308755; 32443,23848769689
7939,0080795479325; 32399,172607306864
7938,99867506499; 32355,106726916834
7938,989270582046; 32311,04084652681
7938,979866099103; 32266,97496613678
7938,97046161616; 32222,909085746753
7938,961057133217; 32178,843205356723
7938,951652650274; 32134,777324966697
7938,655942616697; 32088,32928578175
7939,362863666958; 32052,850514680093
7941,991808502997; 32720,597066067137
7941,208101591076; 32664,11374151118
7941,199088961589; 32621,883939470736
7941,189527737264; 32577,083627740874
7940,753551582162; 32542,97028633374
7943,806481857549; 32786,90469556252
7948,947207346294; 32769,92739967463
7954,084406153936; 32736,425398640473
7959,222649904125; 32707,819606538542
7964,359848711766; 32674,317605504388
7969,496002576858; 32635,91939553801
7974,6347687983225; 32609,76170790219
7979,4655382034025; 32575,2374591648
7984,908905177967; 32541,533653600825
7988,545566484917; 32507,55163208312
7990,464237746682; 32458,54222645606
7989,738002674969; 32403,52273579375
7992,803015098581; 32369,28498907796
7992,662535634619; 32313,663129854092
7992,137491188978; 32263,95066565452
7993,632608050195; 32239,03160230215
7997,526488496529; 32405,928295587244
7995,587173088526; 32358,20697349703
7995,572125915817; 32287,701564872987
8002,8836150563275; 32398,571553087102
8008,018985214507; 32356,501186421552
8012,296849393227; 32313,894225429747
8016,025017811988; 32278,242908189648
8020,856496285226; 32247,041086941983
8024,276854484486; 32203,89753162392
8029,228687947769; 32162,71765193704
8034,546027387021; 32112,412484894485
8039,252971100018; 32071,603886357127
8041,600859044768; 32025,035470606872
8045,408675410391; 31989,538898745617
8046,940195457666; 31934,320771035593
8047,787225888071; 31885,77287081629
8048,209173689449; 31854,1546073083
