# Instrument-source: 'mcstasscript_soleil_rock_111.instr'
# Date: Fri Jan 27 10 04 2023
# Ncount: 10000000
# Numpoints: 801
# Param: Etohit = 5300
# type: multiarray_1d(801)
# title: Scan of Etohit
# xlabel: 'Etohit'
# ylabel: 'Intensity'
# xvars: Etohit
# yvars: (EnergyMonitor_before_sample_I,EnergyMonitor_before_sample_ERR) (e_repartition_after_m2b_I,e_repartition_after_m2b_ERR) (EnergyMonitor_after_sample_I,EnergyMonitor_after_sample_ERR) (psd_monitor_I,psd_monitor_ERR) (absorption_coefficient_I,absorption_coefficient_ERR)
# xlimits: 5300 6100
# filename: mccode.dat
# variables: Etohit EnergyMonitor_before_sample_I EnergyMonitor_before_sample_ERR e_repartition_after_m2b_I e_repartition_after_m2b_ERR EnergyMonitor_after_sample_I EnergyMonitor_after_sample_ERR psd_monitor_I psd_monitor_ERR absorption_coefficient_I absorption_coefficient_ERR
5300 2.00062E+8 121746 2.00062E+8 121746 2.37717E+6 1446.61 1.71186E+6 1227.58 4.43272 0.0348867
5301 2.00164E+8 121713 2.00164E+8 121713 2.38371E+6 1449.47 1.71684E+6 1230.13 4.43048 0.0348732
5302 2.00147E+8 121642 2.00147E+8 121642 2.38886E+6 1451.86 1.72172E+6 1232.58 4.42823 0.0348644
5303 2.00211E+8 121601 2.00211E+8 121601 2.39499E+6 1454.63 1.72492E+6 1234.48 4.42599 0.034853
5304 1.99778E+8 121408 1.99778E+8 121408 2.39518E+6 1455.59 1.72697E+6 1235.97 4.42375 0.034863
5305 1.99914E+8 121384 1.99914E+8 121384 2.40219E+6 1458.57 1.73202E+6 1238.51 4.42151 0.0348477
5306 1.99737E+8 121266 1.99737E+8 121266 2.40545E+6 1460.42 1.73419E+6 1240.02 4.41927 0.0348463
5307 1.99697E+8 121186 1.99697E+8 121186 2.41037E+6 1462.73 1.73647E+6 1241.55 4.41702 0.0348382
5308 1.9977E+8 121146 1.9977E+8 121146 2.41666E+6 1465.53 1.7426E+6 1244.48 4.41478 0.0348261
5309 1.99995E+8 121151 1.99995E+8 121151 2.42481E+6 1468.89 1.74844E+6 1247.3 4.41254 0.0348073
5310 1.99589E+8 120967 1.99589E+8 120967 2.42532E+6 1469.94 1.74926E+6 1248.41 4.4103 0.0348161
5311 1.99753E+8 120949 1.99753E+8 120949 2.43276E+6 1473.02 1.75417E+6 1250.82 4.40806 0.0347993
5312 1.99717E+8 120879 1.99717E+8 120879 2.43779E+6 1475.47 1.75843E+6 1253.14 4.40581 0.0347922
5313 1.99569E+8 120768 1.99569E+8 120768 2.44145E+6 1477.43 1.76035E+6 1254.55 4.40357 0.0347892
5314 1.99562E+8 120697 1.99562E+8 120697 2.44685E+6 1479.88 1.76534E+6 1257.02 4.40133 0.0347796
5315 1.99369E+8 120577 1.99369E+8 120577 2.44997E+6 1481.73 1.76827E+6 1258.8 4.39908 0.0347792
5316 1.99504E+8 120551 1.99504E+8 120551 2.45713E+6 1484.73 1.7736E+6 1261.44 4.39684 0.0347636
5317 1.99343E+8 120440 1.99343E+8 120440 2.46065E+6 1486.69 1.77435E+6 1262.44 4.3946 0.0347616
5318 1.992E+8 120332 1.992E+8 120332 2.46441E+6 1488.69 1.77826E+6 1264.55 4.39236 0.0347585
5319 1.99297E+8 120298 1.99297E+8 120298 2.47114E+6 1491.61 1.78372E+6 1267.27 4.39012 0.0347452
5320 1.99246E+8 120219 1.99246E+8 120219 2.47606E+6 1493.98 1.7873E+6 1269.27 4.38787 0.0347381
5321 1.99182E+8 120133 1.99182E+8 120133 2.48081E+6 1496.26 1.79097E+6 1271.33 4.38563 0.0347314
5322 1.99152E+8 120059 1.99152E+8 120059 2.48601E+6 1498.7 1.79515E+6 1273.55 4.38339 0.0347233
5323 1.99059E+8 119966 1.99059E+8 119966 2.49043E+6 1500.89 1.79835E+6 1275.41 4.38115 0.0347179
5324 1.98881E+8 119845 1.98881E+8 119845 2.49379E+6 1502.76 1.80076E+6 1277.04 4.3789 0.034716
5325 1.99124E+8 119857 1.99124E+8 119857 2.50243E+6 1506.28 1.80772E+6 1280.24 4.37666 0.0346966
5326 1.98843E+8 119704 1.98843E+8 119704 2.50452E+6 1507.73 1.80991E+6 1281.75 4.37442 0.0346989
5327 1.98869E+8 119647 1.98869E+8 119647 2.51047E+6 1510.4 1.81474E+6 1284.18 4.37218 0.0346883
5328 1.98819E+8 119572 1.98819E+8 119572 2.51546E+6 1512.84 1.81778E+6 1286.03 4.36994 0.0346818
5329 1.98767E+8 119492 1.98767E+8 119492 2.52046E+6 1515.22 1.82187E+6 1288.29 4.36769 0.0346747
5330 1.98788E+8 119453 1.98788E+8 119453 2.52638E+6 1518.12 1.8259E+6 1290.61 4.36545 0.0346671
5331 1.98662E+8 119353 1.98662E+8 119353 2.53044E+6 1520.26 1.82909E+6 1292.54 4.36321 0.0346638
5332 1.98754E+8 119327 1.98754E+8 119327 2.53731E+6 1523.34 1.83414E+6 1295.2 4.36097 0.0346519
5333 1.98697E+8 119264 1.98697E+8 119264 2.54226E+6 1525.94 1.83901E+6 1297.86 4.35873 0.0346477
5334 1.98599E+8 119173 1.98599E+8 119173 2.54672E+6 1528.21 1.84262E+6 1299.91 4.35648 0.034643
5335 1.98647E+8 119135 1.98647E+8 119135 2.55305E+6 1531.15 1.84694E+6 1302.3 4.35424 0.0346334
5336 1.98456E+8 119024 1.98456E+8 119024 2.55632E+6 1533.16 1.84868E+6 1303.78 4.352 0.0346338
5337 1.98608E+8 119020 1.98608E+8 119020 2.56402E+6 1536.55 1.85433E+6 1306.71 4.34976 0.03462
5338 1.9844E+8 118913 1.9844E+8 118913 2.56761E+6 1538.61 1.85847E+6 1309.01 4.34751 0.0346191
5339 1.98578E+8 118900 1.98578E+8 118900 2.57515E+6 1541.9 1.86293E+6 1311.48 4.34527 0.0346052
5340 1.9852E+8 118826 1.9852E+8 118826 2.58018E+6 1544.39 1.86798E+6 1314.05 4.34303 0.0345994
5341 1.98572E+8 118788 1.98572E+8 118788 2.58665E+6 1547.37 1.87379E+6 1317.01 4.34079 0.0345894
5342 1.98463E+8 118700 1.98463E+8 118700 2.59103E+6 1549.7 1.87649E+6 1318.85 4.33854 0.0345861
5343 1.98541E+8 118672 1.98541E+8 118672 2.59787E+6 1552.81 1.88029E+6 1321.08 4.3363 0.0345752
5344 1.98399E+8 118573 1.98399E+8 118573 2.60184E+6 1555 1.88502E+6 1323.57 4.33406 0.0345732
5345 1.98328E+8 118499 1.98328E+8 118499 2.60675E+6 1557.51 1.88773E+6 1325.41 4.33182 0.0345685
5346 1.98381E+8 118459 1.98381E+8 118459 2.6133E+6 1560.48 1.89271E+6 1328.01 4.32958 0.034558
5347 1.9823E+8 118359 1.9823E+8 118359 2.61717E+6 1562.66 1.89564E+6 1329.96 4.32733 0.0345566
5348 1.98414E+8 118359 1.98414E+8 118359 2.62548E+6 1566.17 1.9032E+6 1333.45 4.32509 0.0345406
5349 1.9824E+8 118253 1.9824E+8 118253 2.62906E+6 1568.28 1.90464E+6 1334.85 4.32285 0.0345402
5350 1.98153E+8 118173 1.98153E+8 118173 2.63382E+6 1570.74 1.90961E+6 1337.46 4.32061 0.0345362
5351 1.9832E+8 118168 1.9832E+8 118168 2.64195E+6 1574.19 1.91458E+6 1340.11 4.31837 0.0345208
5352 1.98086E+8 118040 1.98086E+8 118040 2.64475E+6 1576.02 1.91837E+6 1342.26 4.31612 0.0345226
5353 1.98252E+8 118040 1.98252E+8 118040 2.65291E+6 1579.56 1.92373E+6 1345.07 4.31388 0.0345081
5354 1.98131E+8 117945 1.98131E+8 117945 2.65724E+6 1581.83 1.92531E+6 1346.48 4.31164 0.0345048
5355 1.98298E+8 117941 1.98297E+8 117941 2.66544E+6 1585.32 1.9328E+6 1349.97 4.3094 0.0344896
5356 1.98127E+8 117835 1.98127E+8 117835 2.66903E+6 1587.39 1.9368E+6 1352.26 4.3072 0.034489
5357 1.98226E+8 117810 1.98226E+8 117810 2.6761E+6 1590.46 1.9415E+6 1354.68 4.30505 0.0344767
5358 1.98209E+8 117746 1.98209E+8 117746 2.68158E+6 1593 1.94556E+6 1356.9 4.30291 0.0344689
5359 1.97963E+8 117624 1.97963E+8 117624 2.68397E+6 1594.74 1.94746E+6 1358.42 4.30078 0.0344723
5360 1.97935E+8 117557 1.97935E+8 117557 2.68931E+6 1597.23 1.95135E+6 1360.55 4.29866 0.034465
5361 1.98009E+8 117524 1.98009E+8 117524 2.69606E+6 1600.19 1.95661E+6 1363.2 4.29652 0.0344537
5362 1.97903E+8 117433 1.97903E+8 117433 2.70036E+6 1602.36 1.95968E+6 1365.05 4.29439 0.0344496
5363 1.97835E+8 117363 1.97835E+8 117363 2.7052E+6 1604.82 1.96316E+6 1367.12 4.29226 0.0344452
5364 1.97908E+8 117329 1.97908E+8 117329 2.71195E+6 1607.78 1.96888E+6 1369.93 4.29013 0.0344339
5365 1.9791E+8 117272 1.9791E+8 117272 2.71778E+6 1610.43 1.97292E+6 1372.12 4.288 0.0344253
5366 1.97602E+8 117129 1.97602E+8 117129 2.71934E+6 1611.9 1.97482E+6 1373.63 4.28587 0.0344312
5367 1.97763E+8 117118 1.97763E+8 117118 2.72735E+6 1615.18 1.98024E+6 1376.3 4.28374 0.0344156
5368 1.97825E+8 117078 1.97825E+8 117078 2.73403E+6 1618.08 1.98681E+6 1379.34 4.28161 0.0344043
5369 1.97649E+8 116973 1.97649E+8 116973 2.73742E+6 1620.07 1.98961E+6 1381.15 4.27947 0.0344042
5370 1.97567E+8 116894 1.97567E+8 116894 2.74213E+6 1622.43 1.99219E+6 1382.89 4.27734 0.0343996
5371 1.97572E+8 116839 1.97572E+8 116839 2.74805E+6 1625.13 1.996E+6 1385.04 4.27521 0.0343912
5372 1.97596E+8 116790 1.97596E+8 116790 2.75425E+6 1627.91 2.00182E+6 1387.86 4.27308 0.0343818
5373 1.97706E+8 116769 1.97706E+8 116769 2.76166E+6 1631.08 2.00674E+6 1390.39 4.27095 0.0343691
5374 1.97606E+8 116683 1.97606E+8 116683 2.76614E+6 1633.36 2.01015E+6 1392.41 4.26882 0.0343652
5375 1.97458E+8 116583 1.97458E+8 116583 2.76998E+6 1635.45 2.01385E+6 1394.49 4.26669 0.0343633
5376 1.97199E+8 116451 1.97199E+8 116451 2.77224E+6 1637.08 2.01611E+6 1396.1 4.26456 0.0343664
5377 1.97435E+8 116466 1.97435E+8 116466 2.78148E+6 1640.78 2.02175E+6 1398.85 4.26243 0.0343481
5378 1.97051E+8 116297 1.97051E+8 116297 2.78199E+6 1641.9 2.02188E+6 1399.72 4.2603 0.0343566
5379 1.9749E+8 116369 1.9749E+8 116369 2.79414E+6 1646.42 2.03304E+6 1404.38 4.25817 0.034329
5380 1.97249E+8 116239 1.97249E+8 116239 2.79668E+6 1648.09 2.03415E+6 1405.56 4.25603 0.0343308
5381 1.97372E+8 116221 1.97372E+8 116221 2.80439E+6 1651.35 2.04103E+6 1408.78 4.2539 0.0343175
5382 1.97236E+8 116122 1.97236E+8 116122 2.80844E+6 1653.46 2.04391E+6 1410.55 4.25177 0.0343146
5383 1.97147E+8 116043 1.97147E+8 116043 2.81316E+6 1655.86 2.04804E+6 1412.84 4.24964 0.0343107
5384 1.96963E+8 115934 1.96963E+8 115934 2.81652E+6 1657.84 2.05006E+6 1414.37 4.24751 0.0343107
5385 1.9714E+8 115929 1.9714E+8 115929 2.82507E+6 1661.3 2.05508E+6 1416.92 4.24538 0.0342945
5386 1.97166E+8 115878 1.97166E+8 115878 2.83148E+6 1664.11 2.06056E+6 1419.63 4.24325 0.0342847
5387 1.97134E+8 115814 1.97134E+8 115814 2.83705E+6 1666.73 2.06553E+6 1422.17 4.24112 0.0342779
5388 1.96962E+8 115702 1.96962E+8 115702 2.84063E+6 1668.68 2.0688E+6 1424.07 4.23899 0.0342763
5389 1.96956E+8 115648 1.96956E+8 115648 2.84659E+6 1671.46 2.07215E+6 1426.08 4.23686 0.0342689
5390 1.96937E+8 115588 1.96937E+8 115588 2.8524E+6 1674.16 2.07843E+6 1429.11 4.23473 0.0342617
5391 1.96877E+8 115514 1.96877E+8 115514 2.85761E+6 1676.65 2.08191E+6 1431.12 4.23259 0.0342558
5392 1.96807E+8 115437 1.96807E+8 115437 2.86268E+6 1679.11 2.08569E+6 1433.24 4.23046 0.0342506
5393 1.96866E+8 115396 1.96866E+8 115396 2.86965E+6 1682.1 2.09033E+6 1435.65 4.22833 0.0342394
5394 1.96563E+8 115249 1.96563E+8 115249 2.87134E+6 1683.53 2.09289E+6 1437.36 4.2262 0.0342439
5395 1.9659E+8 115198 1.9659E+8 115198 2.87788E+6 1686.39 2.09882E+6 1440.16 4.22407 0.034234
5396 1.96611E+8 115151 1.96611E+8 115151 2.88432E+6 1689.29 2.10215E+6 1442.19 4.22194 0.0342252
5397 1.96618E+8 115100 1.96618E+8 115100 2.89056E+6 1692.14 2.10678E+6 1444.62 4.21981 0.034217
5398 1.96532E+8 115013 1.96532E+8 115013 2.89547E+6 1694.47 2.11195E+6 1447.18 4.21768 0.0342115
5399 1.9652E+8 114954 1.9652E+8 114954 2.90146E+6 1697.21 2.11552E+6 1449.23 4.21555 0.0342038
5400 1.96371E+8 114852 1.96371E+8 114852 2.90545E+6 1699.32 2.11817E+6 1450.92 4.21342 0.0342015
5401 1.96257E+8 114764 1.96257E+8 114764 2.90996E+6 1701.64 2.12124E+6 1452.83 4.21129 0.0341984
5402 1.9635E+8 114728 1.9635E+8 114728 2.91755E+6 1704.74 2.1277E+6 1455.81 4.20915 0.0341849
5403 1.96252E+8 114648 1.96252E+8 114648 2.92232E+6 1707.19 2.13198E+6 1458.17 4.20702 0.0341815
5404 1.9622E+8 114584 1.9622E+8 114584 2.92808E+6 1709.88 2.1363E+6 1460.48 4.20489 0.0341748
5405 1.96154E+8 114506 1.96154E+8 114506 2.93333E+6 1712.35 2.13952E+6 1462.42 4.20276 0.0341689
5406 1.96167E+8 114454 1.96167E+8 114454 2.93978E+6 1715.23 2.14486E+6 1465.08 4.20063 0.03416
5407 1.95939E+8 114327 1.95939E+8 114327 2.94263E+6 1716.98 2.14733E+6 1466.71 4.1985 0.0341609
5408 1.96121E+8 114324 1.96121E+8 114324 2.95164E+6 1720.6 2.15381E+6 1469.76 4.19637 0.0341446
5409 1.95966E+8 114221 1.95966E+8 114221 2.95561E+6 1722.72 2.15897E+6 1472.37 4.19424 0.0341427
5410 1.95955E+8 114163 1.95955E+8 114163 2.96174E+6 1725.5 2.16286E+6 1474.57 4.19211 0.034135
5411 1.96005E+8 114121 1.96005E+8 114121 2.96883E+6 1728.56 2.16806E+6 1477.17 4.18998 0.0341243
5412 1.95665E+8 113961 1.95665E+8 113961 2.96999E+6 1729.81 2.16889E+6 1478.24 4.18784 0.0341301
5413 1.95752E+8 113930 1.95752E+8 113930 2.97765E+6 1733.03 2.17421E+6 1480.89 4.18571 0.0341178
5414 1.95831E+8 113897 1.95831E+8 113897 2.98521E+6 1736.23 2.18135E+6 1484.15 4.18358 0.034106
5415 1.95506E+8 113737 1.95506E+8 113737 2.9866E+6 1737.48 2.18101E+6 1484.81 4.18145 0.0341104
5416 1.95576E+8 113708 1.95576E+8 113708 2.99405E+6 1740.75 2.18821E+6 1488.18 4.17932 0.0341
5417 1.95575E+8 113646 1.95575E+8 113646 3.00043E+6 1743.51 2.19199E+6 1490.24 4.17719 0.0340907
5418 1.95437E+8 113552 1.95437E+8 113552 3.0047E+6 1745.78 2.19651E+6 1492.69 4.17506 0.0340886
5419 1.95419E+8 113487 1.95419E+8 113487 3.01083E+6 1748.51 2.20121E+6 1495.05 4.17293 0.0340805
5420 1.95345E+8 113410 1.95345E+8 113410 3.01612E+6 1751.05 2.20628E+6 1497.63 4.1708 0.0340753
5421 1.95196E+8 113307 1.95196E+8 113307 3.02023E+6 1753.18 2.20799E+6 1499.02 4.16867 0.0340728
5422 1.95184E+8 113247 1.95184E+8 113247 3.02649E+6 1756 2.21294E+6 1501.58 4.16654 0.0340649
5423 1.95078E+8 113159 1.95078E+8 113159 3.0313E+6 1758.38 2.21668E+6 1503.69 4.1644 0.0340609
5424 1.95102E+8 113103 1.95102E+8 113103 3.03814E+6 1761.25 2.22123E+6 1505.97 4.16228 0.0340504
5425 1.95089E+8 113044 1.95089E+8 113044 3.04442E+6 1764.09 2.22783E+6 1509.09 4.16014 0.0340427
5426 1.94989E+8 112956 1.94989E+8 112956 3.04935E+6 1766.47 2.22997E+6 1510.62 4.15801 0.034038
5427 1.94989E+8 112900 1.94989E+8 112900 3.05586E+6 1769.37 2.23607E+6 1513.56 4.15588 0.0340296
5428 1.94781E+8 112783 1.94781E+8 112783 3.05912E+6 1771.3 2.23744E+6 1514.87 4.15375 0.0340301
5429 1.94646E+8 112683 1.94646E+8 112683 3.06352E+6 1773.5 2.24182E+6 1517.12 4.15162 0.0340268
5430 1.94672E+8 112634 1.94672E+8 112634 3.07046E+6 1776.53 2.24655E+6 1519.61 4.14949 0.0340173
5431 1.94582E+8 112549 1.94582E+8 112549 3.07559E+6 1778.96 2.25014E+6 1521.65 4.14736 0.0340122
5432 1.94766E+8 112544 1.94766E+8 112544 3.08507E+6 1782.69 2.25793E+6 1525.14 4.14523 0.0339954
5433 1.94598E+8 112436 1.94598E+8 112436 3.08897E+6 1784.77 2.26062E+6 1526.83 4.1431 0.0339938
5434 1.94491E+8 112351 1.94491E+8 112351 3.09386E+6 1787.22 2.265E+6 1529.21 4.14096 0.0339902
5435 1.94482E+8 112287 1.94482E+8 112287 3.10032E+6 1790.02 2.27161E+6 1532.22 4.13883 0.0339814
5436 1.94442E+8 112216 1.94442E+8 112216 3.1063E+6 1792.7 2.27526E+6 1534.29 4.1367 0.033974
5437 1.94171E+8 112082 1.94171E+8 112082 3.10859E+6 1794.38 2.27692E+6 1535.68 4.13457 0.0339774
5438 1.94314E+8 112068 1.94314E+8 112068 3.11742E+6 1797.94 2.28401E+6 1538.96 4.13247 0.0339629
5439 1.94419E+8 112048 1.94419E+8 112048 3.12556E+6 1801.33 2.2888E+6 1541.49 4.1304 0.0339506
5440 1.94242E+8 111949 1.94242E+8 111949 3.12913E+6 1803.44 2.29391E+6 1544.11 4.12835 0.0339511
5441 1.94125E+8 111863 1.94125E+8 111863 3.13368E+6 1805.76 2.29739E+6 1546.16 4.1263 0.0339483
5442 1.94029E+8 111790 1.94029E+8 111790 3.13857E+6 1808.29 2.301E+6 1548.33 4.12424 0.0339456
5443 1.94136E+8 111774 1.94136E+8 111774 3.14675E+6 1811.75 2.30707E+6 1551.32 4.12219 0.0339338
5444 1.94143E+8 111722 1.94143E+8 111722 3.15334E+6 1814.64 2.31154E+6 1553.66 4.12013 0.0339253
5445 1.94063E+8 111651 1.94063E+8 111651 3.15853E+6 1817.21 2.31706E+6 1556.43 4.11808 0.0339215
5446 1.939E+8 111557 1.939E+8 111557 3.16236E+6 1819.41 2.31894E+6 1558.07 4.11602 0.0339215
5447 1.9392E+8 111511 1.9392E+8 111511 3.16918E+6 1822.4 2.32422E+6 1560.67 4.11397 0.0339127
5448 1.93806E+8 111432 1.93806E+8 111432 3.17384E+6 1824.85 2.32838E+6 1563.03 4.11192 0.0339107
5449 1.9392E+8 111417 1.9392E+8 111417 3.18224E+6 1828.35 2.3341E+6 1565.89 4.10986 0.0338983
5450 1.93902E+8 111360 1.93902E+8 111360 3.18848E+6 1831.18 2.34E+6 1568.72 4.10781 0.0338913
5451 1.9372E+8 111256 1.9372E+8 111256 3.19204E+6 1833.24 2.34257E+6 1570.48 4.10575 0.0338915
5452 1.9383E+8 111244 1.9383E+8 111244 3.20043E+6 1836.8 2.34979E+6 1573.89 4.1037 0.0338799
5453 1.93842E+8 111196 1.93842E+8 111196 3.2072E+6 1839.79 2.35389E+6 1576.18 4.10165 0.0338716
5454 1.93678E+8 111098 1.93678E+8 111098 3.21109E+6 1841.96 2.35721E+6 1578.16 4.09959 0.033871
5455 1.93646E+8 111041 1.93646E+8 111041 3.21714E+6 1844.79 2.36162E+6 1580.59 4.09754 0.0338651
5456 1.93606E+8 110979 1.93606E+8 110979 3.22309E+6 1847.55 2.36635E+6 1583.09 4.09548 0.0338592
5457 1.93753E+8 110972 1.93753E+8 110972 3.23218E+6 1851.23 2.37341E+6 1586.36 4.09343 0.0338452
5458 1.9367E+8 110899 1.9367E+8 110899 3.23744E+6 1853.83 2.3769E+6 1588.46 4.09137 0.0338414
5459 1.93529E+8 110809 1.93529E+8 110809 3.14674E+6 1806.62 2.3092E+6 1547.67 4.11906 0.0338629
5460 1.93485E+8 110744 1.93485E+8 110744 2.24892E+6 1382.09 1.6518E+6 1184.44 4.45475 0.0344518
5461 1.93417E+8 110680 1.93417E+8 110680 990803 646.71 727141 553.958 5.27409 0.0349992
5462 1.93381E+8 110618 1.93381E+8 110618 371085 242.119 272491 207.463 6.25599 0.0349926
5463 1.93544E+8 110614 1.93544E+8 110614 138959 90.6079 102103 77.6803 7.23908 0.0349796
5464 1.93432E+8 110537 1.93432E+8 110537 52024.2 33.9155 38195.7 29.0521 8.22097 0.0349767
5465 1.93193E+8 110415 1.93193E+8 110415 19464 12.6891 14307.4 10.8794 9.20288 0.0349779
5466 1.93386E+8 110422 1.93386E+8 110422 7293.53 4.75123 5362.07 4.07375 10.1855 0.0349632
5467 1.93048E+8 110275 1.93048E+8 110275 2727.57 1.77736 2005.23 1.52384 11.1673 0.0349694
5468 1.93176E+8 110263 1.93176E+8 110263 1021.61 0.665157 750.929 0.570239 12.15 0.0349553
5469 1.93029E+8 110168 1.93029E+8 110168 382.324 0.248909 281.249 0.21352 13.1321 0.0349539
5470 1.93152E+8 110153 1.93152E+8 110153 143.269 0.0932071 105.253 0.0798802 14.1143 0.0349409
5471 1.93039E+8 110072 1.93039E+8 110072 53.6309 0.0348819 39.4559 0.0299222 15.0963 0.0349373
5472 1.92994E+8 110011 1.92994E+8 110011 20.0702 0.0130509 14.7604 0.0111908 16.0789 0.0349326
5473 1.92956E+8 109947 1.92956E+8 109947 7.51184 0.00488289 5.52543 0.00418716 17.0615 0.0349261
5474 1.92739E+8 109840 1.92739E+8 109840 2.81038 0.00182715 2.0675 0.00156725 18.0435 0.034929
5475 1.92831E+8 109813 1.92831E+8 109813 1.05318 0.000684165 0.775014 0.000586872 19.0255 0.0349156
5476 1.92737E+8 109734 1.92737E+8 109734 0.394211 0.000256045 0.290249 0.000219704 20.0077 0.0349122
5477 1.92716E+8 109679 1.92716E+8 109679 0.147571 0.0000958038 0.108588 0.0000821798 20.9902 0.0349046
5478 1.92598E+8 109595 1.92598E+8 109595 0.0552451 0.0000358628 0.0406476 0.0000307605 21.9721 0.0349026
5479 1.92587E+8 109540 1.92587E+8 109540 0.0206851 0.0000134232 0.0152305 0.0000115171 22.9544 0.0348958
5480 1.92544E+8 109482 1.92544E+8 109482 0.00774377 0.00000502344 0.00570028 0.00000430976 23.9367 0.03489
5481 1.92713E+8 109477 1.92713E+8 109477 0.00290232 0.00000188088 0.00213705 0.00000161386 24.919 0.0348733
5482 1.92525E+8 109371 1.92525E+8 109371 0.00108513 7.03309E-7 0.000798439 6.03123E-7 25.9018 0.0348743
5483 1.92435E+8 109297 1.92435E+8 109297 0.000406661 2.63505E-7 0.000299432 2.26079E-7 26.8828 0.0348704
5484 1.92506E+8 109266 1.92506E+8 109266 0.000152297 9.86075E-8 0.000112179 8.46278E-8 27.8653 0.0348578
5485 1.92458E+8 109201 1.92458E+8 109201 0.0000570041 3.68987E-8 0.0000419742 3.16608E-8 28.8478 0.0348526
5486 1.92356E+8 109126 1.92356E+8 109126 0.0000213363 1.38084E-8 0.0000157222 1.1851E-8 29.83 0.0348496
5487 1.92264E+8 109047 1.92264E+8 109047 0.00000798341 5.16514E-9 0.0000058777 4.43185E-9 30.8125 0.0348448
5488 1.92194E+8 108978 1.92194E+8 108978 0.00000298927 1.93362E-9 0.00000220197 1.65947E-9 31.7945 0.0348407
5489 1.92227E+8 108938 1.92227E+8 108938 0.00000111935 7.23701E-10 8.24623E-7 6.21071E-10 32.777 0.0348318
5490 1.92149E+8 108864 1.92149E+8 108864 4.19079E-7 2.70855E-10 3.08937E-7 2.32561E-10 33.759 0.0348263
5491 1.92145E+8 108810 1.92145E+8 108810 1.56924E-7 1.01371E-10 1.15705E-7 8.70431E-11 34.7413 0.0348178
5492 1.91863E+8 108679 1.91863E+8 108679 6.09496E-8 3.84444E-11 4.49304E-8 3.30021E-11 35.6855 0.0346005
5493 1.91904E+8 108638 1.91904E+8 108638 3.5187E-8 2.0034E-11 2.5952E-8 1.72057E-11 36.2351 0.0336967
5494 1.91973E+8 108607 1.91973E+8 108607 3.41135E-8 1.93006E-11 2.51547E-8 1.65733E-11 36.2664 0.0336381
5495 1.91843E+8 108522 1.91843E+8 108522 3.47315E-8 1.96482E-11 2.5605E-8 1.68699E-11 36.2478 0.0336362
5496 1.91837E+8 108470 1.91837E+8 108470 3.53834E-8 2.00081E-11 2.60977E-8 1.71828E-11 36.2292 0.0336288
5497 1.91896E+8 108436 1.91896E+8 108436 3.60595E-8 2.03777E-11 2.65784E-8 1.7495E-11 36.2106 0.0336183
5498 1.9165E+8 108319 1.9165E+8 108319 3.66905E-8 2.07384E-11 2.70712E-8 1.78139E-11 36.1919 0.0336217
5499 1.91543E+8 108235 1.91543E+8 108235 3.73596E-8 2.11121E-11 2.75652E-8 1.81343E-11 36.1733 0.0336181
5500 1.91471E+8 108158 1.91471E+8 108158 3.80476E-8 2.14938E-11 2.80816E-8 1.84654E-11 36.1547 0.0336125
5501 1.91573E+8 108138 1.91573E+8 108138 3.87836E-8 2.18937E-11 2.86467E-8 1.88161E-11 36.136 0.0336003
5502 1.91624E+8 108101 1.91624E+8 108101 3.9523E-8 2.22976E-11 2.91814E-8 1.91597E-11 36.1174 0.0335902
5503 1.91528E+8 108026 1.91528E+8 108026 4.02464E-8 2.27012E-11 2.97083E-8 1.95041E-11 36.0988 0.0335868
5504 1.91315E+8 107911 1.91315E+8 107911 4.09569E-8 2.31032E-11 3.02336E-8 1.98496E-11 36.0802 0.0335877
5505 1.9121E+8 107834 1.9121E+8 107834 4.17039E-8 2.35207E-11 3.08013E-8 2.02136E-11 36.0616 0.0335849
5506 1.91327E+8 107809 1.91327E+8 107809 4.25141E-8 2.39574E-11 3.13977E-8 2.05885E-11 36.0429 0.0335708
5507 1.91215E+8 107732 1.91215E+8 107732 4.32881E-8 2.43904E-11 3.19708E-8 2.09611E-11 36.0243 0.0335686
5508 1.91275E+8 107698 1.91275E+8 107698 4.41159E-8 2.48413E-11 3.25999E-8 2.13541E-11 36.0057 0.0335581
5509 1.9118E+8 107617 1.9118E+8 107617 4.49229E-8 2.52892E-11 3.31941E-8 2.17385E-11 35.987 0.0335538
5510 1.91067E+8 107537 1.91067E+8 107537 4.57403E-8 2.57454E-11 3.38024E-8 2.21324E-11 35.9684 0.0335512
5511 1.9123E+8 107534 1.9123E+8 107534 4.66398E-8 2.62285E-11 3.4458E-8 2.25449E-11 35.9498 0.0335364
5512 1.90901E+8 107386 1.90901E+8 107386 4.74348E-8 2.66848E-11 3.50438E-8 2.29361E-11 35.9312 0.0335422
5513 1.91022E+8 107368 1.91022E+8 107368 4.83569E-8 2.71817E-11 3.5752E-8 2.33726E-11 35.9126 0.0335287
5514 1.909E+8 107284 1.909E+8 107284 4.92351E-8 2.76715E-11 3.64002E-8 2.37928E-11 35.8939 0.0335264
5515 1.90728E+8 107185 1.90728E+8 107185 5.0116E-8 2.81659E-11 3.70446E-8 2.42156E-11 35.8753 0.033526
5516 1.90674E+8 107115 1.90674E+8 107115 5.1044E-8 2.86767E-11 3.77419E-8 2.46586E-11 35.8567 0.0335197
5517 1.9074E+8 107083 1.9074E+8 107083 5.20202E-8 2.92065E-11 3.84621E-8 2.51134E-11 35.8381 0.033509
5518 1.90648E+8 107006 1.90648E+8 107006 5.29737E-8 2.97347E-11 3.91913E-8 2.55757E-11 35.8194 0.033505
5519 1.90557E+8 106928 1.90557E+8 106928 5.39436E-8 3.02716E-11 3.99145E-8 2.60398E-11 35.8008 0.0335008
5520 1.90552E+8 106875 1.90552E+8 106875 5.49563E-8 3.08254E-11 4.06396E-8 2.6508E-11 35.7822 0.033493
5521 1.90396E+8 106784 1.90396E+8 106784 5.5944E-8 3.13784E-11 4.13898E-8 2.69904E-11 35.7635 0.0334925
5522 1.90351E+8 106716 1.90351E+8 106716 5.69823E-8 3.1948E-11 4.21745E-8 2.74849E-11 35.7449 0.0334857
5523 1.90399E+8 106682 1.90399E+8 106682 5.80681E-8 3.2538E-11 4.29745E-8 2.79913E-11 35.7263 0.0334761
5524 1.90091E+8 106541 1.90091E+8 106541 5.90634E-8 3.31055E-11 4.37181E-8 2.84818E-11 35.7077 0.0334811
5525 1.90134E+8 106502 1.90134E+8 106502 6.01879E-8 3.37158E-11 4.45406E-8 2.90039E-11 35.689 0.0334711
5526 1.9006E+8 106427 1.9006E+8 106427 6.12961E-8 3.43258E-11 4.53721E-8 2.95327E-11 35.6704 0.0334658
5527 1.90001E+8 106361 1.90001E+8 106361 6.24284E-8 3.49492E-11 4.62199E-8 3.00717E-11 35.6518 0.0334608
5528 1.89993E+8 106307 1.89993E+8 106307 6.36001E-8 3.55884E-11 4.70733E-8 3.06178E-11 35.6331 0.0334529
5529 1.90002E+8 106256 1.90002E+8 106256 6.47986E-8 3.62402E-11 4.79662E-8 3.11798E-11 35.6145 0.0334441
5530 1.89802E+8 106149 1.89802E+8 106149 6.59466E-8 3.68839E-11 4.88105E-8 3.17322E-11 35.5959 0.0334449
5531 1.89964E+8 106141 1.89964E+8 106141 6.72444E-8 3.75746E-11 4.97888E-8 3.23324E-11 35.5773 0.0334293
5532 1.89631E+8 105996 1.89631E+8 105996 6.83891E-8 3.82293E-11 5.06568E-8 3.29028E-11 35.5586 0.0334359
5533 1.89688E+8 105960 1.89688E+8 105960 6.96951E-8 3.89344E-11 5.16295E-8 3.35107E-11 35.54 0.0334252
5534 1.89701E+8 105917 1.89701E+8 105917 7.10103E-8 3.96502E-11 5.26363E-8 3.41371E-11 35.5214 0.0334172
5535 1.89575E+8 105825 1.89575E+8 105825 7.2297E-8 4.03602E-11 5.36021E-8 3.47523E-11 35.5028 0.0334137
5536 1.89527E+8 105759 1.89527E+8 105759 7.36373E-8 4.10932E-11 5.45582E-8 3.53715E-11 35.4842 0.0334075
5537 1.89407E+8 105673 1.89407E+8 105673 7.49749E-8 4.18324E-11 5.55757E-8 3.60166E-11 35.4655 0.0334046
5538 1.89307E+8 105593 1.89307E+8 105593 7.63433E-8 4.25859E-11 5.6564E-8 3.66566E-11 35.4469 0.0334007
5539 1.89306E+8 105542 1.89306E+8 105542 7.77788E-8 4.33658E-11 5.76619E-8 3.7339E-11 35.4283 0.0333927
5540 1.89148E+8 105442 1.89148E+8 105442 7.91753E-8 4.41398E-11 5.87373E-8 3.80183E-11 35.4096 0.0333909
5541 1.89132E+8 105386 1.89132E+8 105386 8.06564E-8 4.49453E-11 5.98442E-8 3.8715E-11 35.391 0.0333834
5542 1.88939E+8 105280 1.88939E+8 105280 8.20886E-8 4.5744E-11 6.08695E-8 3.93908E-11 35.3724 0.0333837
5543 1.88873E+8 105208 1.88873E+8 105208 8.36034E-8 4.65724E-11 6.20299E-8 4.0116E-11 35.3538 0.033378
5544 1.88949E+8 105179 1.88949E+8 105179 8.52091E-8 4.7435E-11 6.32506E-8 4.08684E-11 35.3351 0.0333668
5545 1.88896E+8 105113 1.88896E+8 105113 8.67875E-8 4.82969E-11 6.43891E-8 4.16008E-11 35.3165 0.033361
5546 1.88711E+8 105009 1.88711E+8 105009 8.83322E-8 4.9156E-11 6.55397E-8 4.2341E-11 35.2979 0.0333608
5547 1.88746E+8 104968 1.88746E+8 104968 9.0008E-8 5.00597E-11 6.67448E-8 4.31076E-11 35.2793 0.0333512
5548 1.88682E+8 104905 1.88682E+8 104905 9.16708E-8 5.09711E-11 6.80405E-8 4.39126E-11 35.2606 0.0333468
5549 1.88726E+8 104878 1.88726E+8 104878 9.34153E-8 5.19155E-11 6.93298E-8 4.47232E-11 35.242 0.0333386
5550 1.88451E+8 104750 1.88451E+8 104750 9.50328E-8 5.28271E-11 7.05847E-8 4.55282E-11 35.2234 0.0333426
5551 1.88484E+8 104718 1.88484E+8 104718 9.68361E-8 5.38035E-11 7.18946E-8 4.63598E-11 35.2048 0.0333346
5552 1.88725E+8 104739 1.88725E+8 104739 9.87843E-8 5.4827E-11 7.33643E-8 4.72498E-11 35.1861 0.0333167
5553 1.88443E+8 104618 1.88443E+8 104618 1.0049E-7 5.57927E-11 7.46361E-8 4.80828E-11 35.1675 0.0333223
5554 1.88526E+8 104594 1.88526E+8 104594 1.02425E-7 5.68287E-11 7.60744E-8 4.89764E-11 35.1489 0.0333111
5555 1.88318E+8 104491 1.88318E+8 104491 1.04235E-7 5.78401E-11 7.74055E-8 4.98434E-11 35.1303 0.0333131
5556 1.88503E+8 104499 1.88503E+8 104499 1.06301E-7 5.89329E-11 7.89627E-8 5.07929E-11 35.1116 0.0332981
5557 1.88363E+8 104414 1.88363E+8 104414 1.08217E-7 5.99906E-11 8.04441E-8 5.1723E-11 35.093 0.0332968
5558 1.8824E+8 104337 1.8824E+8 104337 1.1018E-7 6.10742E-11 8.18553E-8 5.26408E-11 35.0744 0.0332954
5559 1.88165E+8 104271 1.88165E+8 104271 1.12208E-7 6.21836E-11 8.33764E-8 5.36025E-11 35.0557 0.0332916
5560 1.88131E+8 104218 1.88131E+8 104218 1.14295E-7 6.33192E-11 8.49816E-8 5.46E-11 35.0371 0.033286
5561 1.88015E+8 104141 1.88015E+8 104141 1.16372E-7 6.44623E-11 8.65182E-8 5.55816E-11 35.0185 0.033284
5562 1.87971E+8 104086 1.87971E+8 104086 1.18532E-7 6.56393E-11 8.81495E-8 5.66047E-11 34.9999 0.0332792
5563 1.87984E+8 104042 1.87984E+8 104042 1.20768E-7 6.68449E-11 8.97629E-8 5.76289E-11 34.9813 0.033271
5564 1.87883E+8 103971 1.87883E+8 103971 1.22975E-7 6.80565E-11 9.13656E-8 5.86634E-11 34.9626 0.0332686
5565 1.87908E+8 103934 1.87908E+8 103934 1.25302E-7 6.93104E-11 9.32458E-8 5.97916E-11 34.944 0.0332605
5566 1.87705E+8 103832 1.87705E+8 103832 1.27521E-7 7.05441E-11 9.48225E-8 6.08309E-11 34.9254 0.033262
5567 1.87901E+8 103838 1.87901E+8 103838 1.30053E-7 7.18751E-11 9.67373E-8 6.19883E-11 34.9067 0.0332458
5568 1.87888E+8 103793 1.87888E+8 103793 1.3249E-7 7.31943E-11 9.85617E-8 6.31308E-11 34.8881 0.0332396
5569 1.87721E+8 103698 1.87721E+8 103698 1.34859E-7 7.4502E-11 1.00315E-7 6.42567E-11 34.8695 0.0332393
5570 1.87778E+8 103672 1.87778E+8 103672 1.37437E-7 7.58833E-11 1.02169E-7 6.54264E-11 34.8509 0.03323
5571 1.87808E+8 103634 1.87808E+8 103634 1.40044E-7 7.72826E-11 1.04197E-7 6.66614E-11 34.8322 0.0332213
5572 1.8768E+8 103555 1.8768E+8 103555 1.42578E-7 7.8674E-11 1.06101E-7 6.78669E-11 34.8136 0.0332199
5573 1.87406E+8 103432 1.87406E+8 103432 1.45048E-7 8.00587E-11 1.08015E-7 6.90875E-11 34.795 0.0332244
5574 1.87496E+8 103414 1.87496E+8 103414 1.47829E-7 8.15407E-11 1.10055E-7 7.03555E-11 34.7765 0.0332135
5575 1.87305E+8 103315 1.87305E+8 103315 1.50367E-7 8.29452E-11 1.11945E-7 7.15684E-11 34.7584 0.0332145
5576 1.87308E+8 103272 1.87308E+8 103272 1.53039E-7 8.43825E-11 1.13901E-7 7.27971E-11 34.7408 0.0332073
5577 1.87425E+8 103259 1.87425E+8 103259 1.55849E-7 8.58675E-11 1.16001E-7 7.40811E-11 34.7233 0.0331949
5578 1.87345E+8 103189 1.87345E+8 103189 1.5854E-7 8.73277E-11 1.18151E-7 7.53884E-11 34.7057 0.0331907
5579 1.87287E+8 103128 1.87287E+8 103128 1.61298E-7 8.88228E-11 1.20143E-7 7.66602E-11 34.6882 0.0331861
5580 1.87233E+8 103071 1.87233E+8 103071 1.64106E-7 9.03447E-11 1.22273E-7 7.79836E-11 34.6706 0.0331816
5581 1.8719E+8 103013 1.8719E+8 103013 1.66975E-7 9.18938E-11 1.24381E-7 7.93102E-11 34.6531 0.0331761
5582 1.87148E+8 102955 1.87148E+8 102955 1.69894E-7 9.34681E-11 1.26615E-7 8.06909E-11 34.6355 0.0331705
5583 1.87049E+8 102886 1.87049E+8 102886 1.72811E-7 9.50595E-11 1.28806E-7 8.20705E-11 34.618 0.0331682
5584 1.86869E+8 102790 1.86869E+8 102790 1.75704E-7 9.66532E-11 1.30907E-7 8.34264E-11 34.6004 0.0331686
5585 1.86937E+8 102763 1.86937E+8 102763 1.7888E-7 9.83396E-11 1.3332E-7 8.48983E-11 34.5828 0.0331583
5586 1.86931E+8 102716 1.86931E+8 102716 1.82041E-7 1.00034E-10 1.35709E-7 8.63709E-11 34.5653 0.0331511
5587 1.86731E+8 102616 1.86731E+8 102616 1.85068E-7 1.01708E-10 1.37923E-7 8.78022E-11 34.5477 0.0331529
5588 1.86779E+8 102582 1.86779E+8 102582 1.88393E-7 1.03474E-10 1.40517E-7 8.93645E-11 34.5302 0.033143
5589 1.86742E+8 102525 1.86742E+8 102525 1.91692E-7 1.05249E-10 1.42989E-7 9.09018E-11 34.5126 0.0331372
5590 1.86719E+8 102475 1.86719E+8 102475 1.95063E-7 1.0706E-10 1.45387E-7 9.24259E-11 34.4951 0.033131
5591 1.86464E+8 102356 1.86464E+8 102356 1.98248E-7 1.0883E-10 1.47849E-7 9.39852E-11 34.4775 0.0331344
5592 1.86518E+8 102326 1.86518E+8 102326 2.01817E-7 1.10725E-10 1.50449E-7 9.56031E-11 34.4599 0.0331248
5593 1.86398E+8 102254 1.86398E+8 102254 2.05258E-7 1.12606E-10 1.52986E-7 9.72149E-11 34.4424 0.0331238
5594 1.86471E+8 102226 1.86471E+8 102226 2.08976E-7 1.1457E-10 1.55953E-7 9.89731E-11 34.4248 0.0331128
5595 1.86272E+8 102120 1.86272E+8 102120 2.12449E-7 1.16478E-10 1.58516E-7 1.00612E-10 34.4073 0.0331134
5596 1.8643E+8 102122 1.8643E+8 102122 2.16396E-7 1.18543E-10 1.61533E-7 1.02418E-10 34.3897 0.0330996
5597 1.86239E+8 102022 1.86239E+8 102022 2.20001E-7 1.20523E-10 1.64227E-7 1.04131E-10 34.3722 0.0331003
5598 1.86168E+8 101956 1.86168E+8 101956 2.23811E-7 1.22578E-10 1.66968E-7 1.05876E-10 34.3546 0.033096
5599 1.86134E+8 101902 1.86134E+8 101902 2.27734E-7 1.24683E-10 1.69943E-7 1.07706E-10 34.3371 0.0330902
5600 1.86065E+8 101835 1.86065E+8 101835 2.31681E-7 1.26808E-10 1.72853E-7 1.09532E-10 34.3195 0.0330855
5601 1.86182E+8 101826 1.86182E+8 101826 2.35934E-7 1.29043E-10 1.76148E-7 1.11501E-10 34.3019 0.0330736
5602 1.85944E+8 101711 1.85944E+8 101711 2.39805E-7 1.3118E-10 1.79021E-7 1.13343E-10 34.2844 0.0330761
5603 1.85846E+8 101638 1.85846E+8 101638 2.43923E-7 1.33408E-10 1.82122E-7 1.15273E-10 34.2668 0.033073
5604 1.8591E+8 101614 1.8591E+8 101614 2.48328E-7 1.35738E-10 1.85497E-7 1.17314E-10 34.2493 0.0330634
5605 1.85749E+8 101521 1.85749E+8 101521 2.52509E-7 1.38016E-10 1.88595E-7 1.19277E-10 34.2317 0.0330625
5606 1.85836E+8 101502 1.85836E+8 101502 2.571E-7 1.40433E-10 1.92103E-7 1.21391E-10 34.2142 0.0330516
5607 1.85548E+8 101374 1.85548E+8 101374 2.6125E-7 1.42741E-10 1.95198E-7 1.23383E-10 34.1966 0.0330564
5608 1.85696E+8 101367 1.85696E+8 101367 2.66088E-7 1.45258E-10 1.98716E-7 1.25528E-10 34.1791 0.0330421
5609 1.85461E+8 101259 1.85461E+8 101259 2.70459E-7 1.47675E-10 2.02101E-7 1.27655E-10 34.1615 0.0330455
5610 1.85549E+8 101235 1.85549E+8 101235 2.75377E-7 1.50254E-10 2.05818E-7 1.29899E-10 34.144 0.0330337
5611 1.85327E+8 101129 1.85327E+8 101129 2.79921E-7 1.52756E-10 2.09282E-7 1.32083E-10 34.1264 0.0330362
5612 1.85388E+8 101101 1.85388E+8 101101 2.84972E-7 1.55417E-10 2.1292E-7 1.3434E-10 34.1088 0.0330261
5613 1.85301E+8 101031 1.85301E+8 101031 2.89881E-7 1.5806E-10 2.16851E-7 1.36709E-10 34.0913 0.0330225
5614 1.84994E+8 100901 1.84994E+8 100901 2.9453E-7 1.60653E-10 2.20251E-7 1.38925E-10 34.0737 0.0330285
5615 1.85332E+8 100947 1.85332E+8 100947 3.00289E-7 1.63571E-10 2.24598E-7 1.41459E-10 34.0562 0.033006
5616 1.85072E+8 100829 1.85072E+8 100829 3.05182E-7 1.66275E-10 2.28279E-7 1.43806E-10 34.0386 0.0330098
5617 1.8495E+8 100750 1.8495E+8 100750 3.10382E-7 1.69088E-10 2.32218E-7 1.46254E-10 34.0211 0.0330078
5618 1.84989E+8 100716 1.84989E+8 100716 3.15941E-7 1.72022E-10 2.36416E-7 1.48804E-10 34.0035 0.0329988
5619 1.8496E+8 100659 1.8496E+8 100659 3.21486E-7 1.74969E-10 2.40551E-7 1.51351E-10 33.986 0.032992
5620 1.8485E+8 100585 1.8485E+8 100585 3.26989E-7 1.77939E-10 2.44671E-7 1.5392E-10 33.9684 0.0329897
5621 1.84833E+8 100532 1.84833E+8 100532 3.32748E-7 1.80994E-10 2.48853E-7 1.56523E-10 33.9508 0.0329825
5622 1.84749E+8 100463 1.84749E+8 100463 3.38489E-7 1.84074E-10 2.53355E-7 1.59251E-10 33.9333 0.0329787
5623 1.84747E+8 100414 1.84747E+8 100414 3.4448E-7 1.87243E-10 2.57875E-7 1.62008E-10 33.9157 0.0329708
5624 1.84758E+8 100373 1.84758E+8 100373 3.50598E-7 1.90479E-10 2.62481E-7 1.64813E-10 33.8982 0.0329631
5625 1.84555E+8 100272 1.84555E+8 100272 3.56419E-7 1.9366E-10 2.66778E-7 1.67547E-10 33.8806 0.0329647
5626 1.8445E+8 100196 1.8445E+8 100196 3.62526E-7 1.9694E-10 2.71497E-7 1.70431E-10 33.8631 0.0329614
5627 1.84235E+8 100090 1.84235E+8 100090 3.68513E-7 2.00214E-10 2.76005E-7 1.73271E-10 33.8455 0.0329632
5628 1.84405E+8 100090 1.84405E+8 100090 3.75391E-7 2.03763E-10 2.81055E-7 1.7631E-10 33.8279 0.032948
5629 1.84226E+8 99998.7 1.84226E+8 99998.7 3.81667E-7 2.07181E-10 2.85899E-7 1.79317E-10 33.8104 0.032949
5630 1.84273E+8 99960.9 1.84273E+8 99960.9 3.88522E-7 2.1077E-10 2.9115E-7 1.82458E-10 33.7928 0.0329386
5631 1.84249E+8 99909.8 1.84249E+8 99909.8 3.95358E-7 2.14396E-10 2.96193E-7 1.85574E-10 33.7753 0.0329323
5632 1.84102E+8 99825.6 1.84102E+8 99825.6 4.02033E-7 2.18006E-10 3.01148E-7 1.88681E-10 33.7577 0.0329316
5633 1.84058E+8 99764.5 1.84058E+8 99764.5 4.0906E-7 2.21733E-10 3.06434E-7 1.91913E-10 33.7402 0.0329254
5634 1.83969E+8 99692.1 1.83969E+8 99692.1 4.16099E-7 2.25494E-10 3.11916E-7 1.95234E-10 33.7226 0.0329214
5635 1.8387E+8 99620.9 1.8387E+8 99620.9 4.23238E-7 2.29324E-10 3.17116E-7 1.985E-10 33.7051 0.0329186
5636 1.83749E+8 99542.2 1.83749E+8 99542.2 4.30453E-7 2.33201E-10 3.22632E-7 2.01891E-10 33.6875 0.0329164
5637 1.83692E+8 99477.7 1.83692E+8 99477.7 4.37943E-7 2.37179E-10 3.28443E-7 2.05399E-10 33.6699 0.0329108
5638 1.83613E+8 99408.6 1.83613E+8 99408.6 4.45508E-7 2.41212E-10 3.33922E-7 2.0883E-10 33.6524 0.0329064
5639 1.83729E+8 99394.6 1.83729E+8 99394.6 4.53682E-7 2.45448E-10 3.4019E-7 2.12545E-10 33.6348 0.0328937
5640 1.83633E+8 99324.4 1.83633E+8 99324.4 4.61478E-7 2.4962E-10 3.46099E-7 2.16173E-10 33.6173 0.0328907
5641 1.83398E+8 99211.6 1.83398E+8 99211.6 4.69044E-7 2.53749E-10 3.51972E-7 2.19814E-10 33.5997 0.0328931
5642 1.83357E+8 99151.3 1.83357E+8 99151.3 4.77247E-7 2.58087E-10 3.57905E-7 2.23503E-10 33.5822 0.0328867
5643 1.83431E+8 99126.1 1.83431E+8 99126.1 4.85899E-7 2.62593E-10 3.64627E-7 2.27473E-10 33.5646 0.0328759
5644 1.83185E+8 99014.5 1.83185E+8 99014.5 4.9384E-7 2.66943E-10 3.70587E-7 2.31245E-10 33.5471 0.0328795
5645 1.83134E+8 98951.3 1.83134E+8 98951.3 5.02447E-7 2.71497E-10 3.76945E-7 2.35156E-10 33.5295 0.0328736
5646 1.83081E+8 98889.4 1.83081E+8 98889.4 5.11195E-7 2.76131E-10 3.83577E-7 2.39192E-10 33.512 0.032868
5647 1.83043E+8 98833 1.83043E+8 98833 5.20144E-7 2.80864E-10 3.9046E-7 2.43344E-10 33.4944 0.0328621
5648 1.83005E+8 98774.6 1.83005E+8 98774.6 5.29244E-7 2.85668E-10 3.97209E-7 2.47483E-10 33.4768 0.0328558
5649 1.82908E+8 98702.1 1.82908E+8 98702.1 5.38326E-7 2.90511E-10 4.04101E-7 2.51702E-10 33.4593 0.0328525
5650 1.82705E+8 98597.8 1.82705E+8 98597.8 5.47256E-7 2.95346E-10 4.11021E-7 2.55956E-10 33.4417 0.0328533
5651 1.82751E+8 98566.6 1.82751E+8 98566.6 5.57087E-7 3.00481E-10 4.18112E-7 2.60312E-10 33.4242 0.032844
5652 1.82713E+8 98507.1 1.82713E+8 98507.1 5.66841E-7 3.0562E-10 4.2567E-7 2.64849E-10 33.4066 0.0328375
5653 1.8261E+8 98431 1.8261E+8 98431 5.7655E-7 3.10791E-10 4.33017E-7 2.69339E-10 33.3891 0.0328341
5654 1.8249E+8 98348.9 1.8249E+8 98348.9 5.86376E-7 3.16031E-10 4.40499E-7 2.73917E-10 33.3715 0.0328311
5655 1.82396E+8 98277.1 1.82396E+8 98277.1 5.96456E-7 3.21395E-10 4.48118E-7 2.78578E-10 33.3539 0.0328276
5656 1.82489E+8 98257.5 1.82489E+8 98257.5 6.07329E-7 3.27021E-10 4.56332E-7 2.83464E-10 33.3364 0.032816
5657 1.82436E+8 98201.6 1.82436E+8 98201.6 6.17906E-7 3.32623E-10 4.63797E-7 2.88175E-10 33.3188 0.0328114
5658 1.82421E+8 98155.7 1.82421E+8 98155.7 6.28798E-7 3.38356E-10 4.72365E-7 2.9327E-10 33.3013 0.0328051
5659 1.82138E+8 98040 1.82138E+8 98040 6.38943E-7 3.43944E-10 4.80221E-7 2.9818E-10 33.2837 0.0328112
5660 1.82117E+8 97995.5 1.82117E+8 97995.5 6.50168E-7 3.49868E-10 4.88528E-7 3.03275E-10 33.2662 0.0328056
5661 1.82112E+8 97952.3 1.82112E+8 97952.3 6.60907E-7 3.55497E-10 4.96899E-7 3.0825E-10 33.2498 0.0327988
5662 1.82001E+8 97881.1 1.82001E+8 97881.1 6.70287E-7 3.60496E-10 5.03915E-7 3.1257E-10 33.2351 0.0327968
5663 1.82083E+8 97868.4 1.82083E+8 97868.4 6.80074E-7 3.65548E-10 5.1138E-7 3.1699E-10 33.221 0.0327873
5664 1.81947E+8 97788.7 1.81947E+8 97788.7 6.89196E-7 3.70425E-10 5.18342E-7 3.21246E-10 33.207 0.0327861
5665 1.82014E+8 97764.9 1.82014E+8 97764.9 6.99205E-7 3.75576E-10 5.259E-7 3.25717E-10 33.1929 0.0327762
5666 1.81873E+8 97686.2 1.81873E+8 97686.2 7.08561E-7 3.8059E-10 5.33169E-7 3.30141E-10 33.1788 0.0327757
5667 1.81786E+8 97622.1 1.81786E+8 97622.1 7.18255E-7 3.85728E-10 5.40432E-7 3.34592E-10 33.1648 0.0327727
5668 1.81834E+8 97593.5 1.81834E+8 97593.5 7.2861E-7 3.91071E-10 5.47999E-7 3.39148E-10 33.1507 0.0327636
5669 1.81748E+8 97529.5 1.81748E+8 97529.5 7.38576E-7 3.96348E-10 5.55837E-7 3.43838E-10 33.1367 0.0327606
5670 1.81718E+8 97482.1 1.81718E+8 97482.1 7.48907E-7 4.01763E-10 5.63304E-7 3.48438E-10 33.1226 0.0327554
5671 1.81595E+8 97410.8 1.81595E+8 97410.8 7.58997E-7 4.07155E-10 5.71255E-7 3.53225E-10 33.1086 0.0327545
5672 1.81663E+8 97386.6 1.81663E+8 97386.6 7.70031E-7 4.12815E-10 5.79789E-7 3.58212E-10 33.0945 0.0327443
5673 1.81388E+8 97273 1.81388E+8 97273 7.79756E-7 4.18175E-10 5.86862E-7 3.62786E-10 33.0804 0.03275
5674 1.81622E+8 97294.2 1.81622E+8 97294.2 7.91818E-7 4.24187E-10 5.96192E-7 3.68074E-10 33.0664 0.0327324
5675 1.81508E+8 97221.3 1.81508E+8 97221.3 8.02525E-7 4.29872E-10 6.04042E-7 3.72941E-10 33.0523 0.0327304
5676 1.81398E+8 97152 1.81398E+8 97152 8.13389E-7 4.35645E-10 6.12377E-7 3.78004E-10 33.0383 0.0327287
5677 1.81356E+8 97100.7 1.81356E+8 97100.7 8.24724E-7 4.41584E-10 6.2087E-7 3.83144E-10 33.0242 0.0327238
5678 1.81262E+8 97034.8 1.81262E+8 97034.8 8.35964E-7 4.4753E-10 6.29621E-7 3.88385E-10 33.0101 0.0327212
5679 1.81122E+8 96953.5 1.81122E+8 96953.5 8.47146E-7 4.53488E-10 6.38174E-7 3.936E-10 32.9961 0.0327201
5680 1.81158E+8 96924.8 1.81158E+8 96924.8 8.59312E-7 4.59772E-10 6.47234E-7 3.9902E-10 32.982 0.032712
5681 1.81064E+8 96855.5 1.81064E+8 96855.5 8.71022E-7 4.65947E-10 6.55991E-7 4.04359E-10 32.968 0.0327088
5682 1.80962E+8 96790.7 1.80962E+8 96790.7 8.82857E-7 4.72227E-10 6.64985E-7 4.09836E-10 32.9539 0.0327071
5683 1.81018E+8 96766.3 1.81018E+8 96766.3 8.95636E-7 4.78795E-10 6.75171E-7 4.15707E-10 32.9398 0.0326979
5684 1.80932E+8 96700.8 1.80932E+8 96700.8 9.07883E-7 4.85243E-10 6.84294E-7 4.21276E-10 32.9258 0.0326946
5685 1.80829E+8 96632.7 1.80829E+8 96632.7 9.20216E-7 4.91769E-10 6.93609E-7 4.26949E-10 32.9117 0.0326924
5686 1.80799E+8 96582.3 1.80799E+8 96582.3 9.3309E-7 4.98472E-10 7.02983E-7 4.32661E-10 32.8977 0.0326866
5687 1.80634E+8 96501.5 1.80634E+8 96501.5 9.45449E-7 5.0511E-10 7.12884E-7 4.3861E-10 32.8836 0.0326878
5688 1.80743E+8 96487.2 1.80743E+8 96487.2 9.59403E-7 5.12182E-10 7.23544E-7 4.44792E-10 32.8695 0.0326756
5689 1.80624E+8 96417 1.80624E+8 96417 9.7234E-7 5.19053E-10 7.32848E-7 4.50619E-10 32.8555 0.0326744
5690 1.80564E+8 96355.1 1.80564E+8 96355.1 9.85783E-7 5.26065E-10 7.43292E-7 4.56803E-10 32.8414 0.0326693
5691 1.8054E+8 96307.8 1.8054E+8 96307.8 9.99615E-7 5.33255E-10 7.54205E-7 4.6319E-10 32.8274 0.0326635
5692 1.80395E+8 96226.3 1.80395E+8 96226.3 0.00000101295 5.40347E-10 7.64148E-7 4.69316E-10 32.8133 0.0326628
5693 1.80356E+8 96179.1 1.80356E+8 96179.1 0.00000102707 5.4773E-10 7.74132E-7 4.75526E-10 32.7992 0.0326583
5694 1.80243E+8 96107.5 1.80243E+8 96107.5 0.00000104096 5.55072E-10 7.85276E-7 4.82105E-10 32.7852 0.0326564
5695 1.8036E+8 96098.6 1.8036E+8 96098.6 0.00000105639 5.6288E-10 7.96869E-7 4.88862E-10 32.7711 0.0326443
5696 1.80207E+8 96015.6 1.80207E+8 96015.6 0.00000107044 5.70356E-10 8.07849E-7 4.95488E-10 32.7571 0.032644
5697 1.80209E+8 95973.8 1.80209E+8 95973.8 0.0000010856 5.78177E-10 8.19333E-7 5.02289E-10 32.743 0.0326368
5698 1.80187E+8 95926.1 1.80187E+8 95926.1 0.00000110084 5.86075E-10 8.30745E-7 5.09129E-10 32.7289 0.0326306
5699 1.80031E+8 95842.9 1.80031E+8 95842.9 0.00000111546 5.93853E-10 8.41864E-7 5.15915E-10 32.7149 0.0326306
5700 1.80028E+8 95800.7 1.80028E+8 95800.7 0.00000113124 6.02003E-10 8.53942E-7 5.23043E-10 32.7008 0.0326237
5701 1.79879E+8 95718.7 1.79879E+8 95718.7 0.0000011463 6.09998E-10 8.65393E-7 5.30014E-10 32.6868 0.0326232
5702 1.79917E+8 95684.3 1.79917E+8 95684.3 0.00000116278 6.18416E-10 8.77825E-7 5.37318E-10 32.6727 0.0326139
5703 1.79624E+8 95563.8 1.79624E+8 95563.8 0.00000117732 6.26379E-10 8.89602E-7 5.44485E-10 32.6586 0.0326199
5704 1.79755E+8 95562.9 1.79755E+8 95562.9 0.00000119486 6.35245E-10 9.02948E-7 5.52222E-10 32.6446 0.0326079
5705 1.79629E+8 95489.4 1.79629E+8 95489.4 0.00000121093 6.43743E-10 9.14822E-7 5.59536E-10 32.6305 0.0326068
5706 1.79662E+8 95458.9 1.79662E+8 95458.9 0.0000012283 6.52648E-10 9.27812E-7 5.67226E-10 32.6165 0.0325986
5707 1.79707E+8 95426.7 1.79707E+8 95426.7 0.00000124601 6.61669E-10 9.41246E-7 5.75082E-10 32.6024 0.032589
5708 1.79462E+8 95319.1 1.79462E+8 95319.1 0.00000126191 6.70273E-10 9.53859E-7 5.82752E-10 32.5884 0.0325929
5709 1.7946E+8 95277.1 1.7946E+8 95277.1 0.00000127979 6.79476E-10 9.67215E-7 5.90697E-10 32.5743 0.0325859
5710 1.79465E+8 95237.4 1.79465E+8 95237.4 0.00000129793 6.888E-10 9.81033E-7 5.98826E-10 32.5602 0.0325786
5711 1.79208E+8 95125.7 1.79208E+8 95125.7 0.00000131441 6.97732E-10 9.93496E-7 6.06585E-10 32.5462 0.0325829
5712 1.79291E+8 95104.9 1.79291E+8 95104.9 0.00000133366 7.07464E-10 0.00000100804 6.15064E-10 32.5321 0.0325718
5713 1.79121E+8 95020.7 1.79121E+8 95020.7 0.00000135125 7.1684E-10 0.00000102129 6.23203E-10 32.5181 0.0325728
5714 1.79203E+8 95001.7 1.79203E+8 95001.7 0.00000137101 7.26847E-10 0.00000103688 6.3209E-10 32.504 0.0325621
5715 1.79083E+8 94925.9 1.79083E+8 94925.9 0.0000013895 7.36551E-10 0.00000105015 6.40318E-10 32.4899 0.03256
5716 1.79096E+8 94887 1.79096E+8 94887 0.00000140927 7.46674E-10 0.00000106578 6.49337E-10 32.4759 0.0325522
5717 1.78975E+8 94811.6 1.78975E+8 94811.6 0.00000142826 7.56643E-10 0.0000010807 6.58172E-10 32.4618 0.0325501
5718 1.78958E+8 94767.4 1.78958E+8 94767.4 0.00000144834 7.66996E-10 0.0000010956 6.67086E-10 32.4478 0.0325441
5719 1.78807E+8 94688.2 1.78807E+8 94688.2 0.00000146761 7.77207E-10 0.00000110981 6.75861E-10 32.4337 0.0325443
5720 1.78601E+8 94590.5 1.78601E+8 94590.5 0.00000148667 7.87395E-10 0.00000112448 6.84814E-10 32.4196 0.0325462
5721 1.7875E+8 94589 1.7875E+8 94589 0.00000150899 7.98537E-10 0.00000114183 6.94624E-10 32.4056 0.0325324
5722 1.78615E+8 94511.8 1.78615E+8 94511.8 0.00000152919 8.09178E-10 0.00000115712 7.03889E-10 32.3915 0.0325314
5723 1.78589E+8 94457.6 1.78589E+8 94457.6 0.00000155061 8.20161E-10 0.00000117406 7.13654E-10 32.3775 0.0325244
5724 1.78604E+8 94425.1 1.78604E+8 94425.1 0.0000015727 8.31489E-10 0.00000119137 7.23693E-10 32.3634 0.0325174
5725 1.7836E+8 94314.9 1.7836E+8 94314.9 0.00000159279 8.42279E-10 0.00000120595 7.32884E-10 32.3493 0.0325207
5726 1.78271E+8 94251 1.78271E+8 94251 0.00000161454 8.53628E-10 0.00000122293 7.4293E-10 32.3353 0.0325178
5727 1.78387E+8 94239.9 1.78387E+8 94239.9 0.00000163846 8.6561E-10 0.00000124077 7.53269E-10 32.3212 0.0325053
5728 1.78168E+8 94140.4 1.78168E+8 94140.4 0.00000165964 8.76945E-10 0.00000125664 7.63079E-10 32.3072 0.0325081
5729 1.78106E+8 94082.6 1.78106E+8 94082.6 0.00000168254 8.88812E-10 0.00000127393 7.73381E-10 32.2931 0.0325038
5730 1.78081E+8 94037 1.78081E+8 94037 0.00000170612 9.00965E-10 0.0000012926 7.84218E-10 32.279 0.0324982
5731 1.70468E+8 93293.9 1.70468E+8 93293.9 0.00000165546 9.06333E-10 0.0000012547 7.88962E-10 32.2655 0.0330872
5732 1.12526E+8 81175.6 1.12526E+8 81175.6 0.00000110479 7.9797E-10 8.37185E-7 6.94476E-10 32.2545 0.0379958
5733 1.03601E+8 79336.5 1.03601E+8 79336.5 0.00000103886 7.94576E-10 7.87092E-7 6.91406E-10 32.2334 0.0391235
5734 1.60741E+8 91618.7 1.60741E+8 91618.7 0.00000163097 9.29104E-10 0.00000123666 8.08946E-10 32.2216 0.0337586
5735 1.77662E+8 93750.5 1.77662E+8 93750.5 0.00000182608 9.63629E-10 0.00000138372 8.38806E-10 32.2087 0.0324868
5736 1.77547E+8 93637 1.77547E+8 93637 0.00000185072 9.7609E-10 0.00000140272 8.49764E-10 32.1947 0.0324777
5737 1.77552E+8 93601 1.77552E+8 93601 0.00000187698 9.89529E-10 0.00000142173 8.61198E-10 32.1806 0.032471
5738 1.77588E+8 93567.6 1.77588E+8 93567.6 0.00000190394 1.00319E-9 0.00000144291 8.73317E-10 32.1666 0.032462
5739 1.77491E+8 93496.8 1.77491E+8 93496.8 0.00000192984 1.01662E-9 0.00000146276 8.85075E-10 32.1525 0.0324586
5740 1.77397E+8 93431.8 1.77397E+8 93431.8 0.00000195613 1.03029E-9 0.00000148353 8.97254E-10 32.1384 0.0324558
5741 1.77421E+8 93392.5 1.77421E+8 93392.5 0.0000019841 1.04444E-9 0.00000150388 9.09297E-10 32.1244 0.0324468
5742 1.77336E+8 93327.8 1.77336E+8 93327.8 0.00000201124 1.05851E-9 0.00000152526 9.21791E-10 32.1103 0.0324434
5743 1.77167E+8 93243.7 1.77167E+8 93243.7 0.00000203778 1.07253E-9 0.00000154564 9.34077E-10 32.0963 0.0324442
5744 1.77035E+8 93167.1 1.77035E+8 93167.1 0.00000206508 1.08681E-9 0.0000015668 9.46656E-10 32.0822 0.0324429
5745 1.77028E+8 93122.9 1.77028E+8 93122.9 0.00000209423 1.10168E-9 0.00000158818 9.59384E-10 32.0681 0.0324359
5746 1.76885E+8 93041.9 1.76885E+8 93041.9 0.00000212217 1.1163E-9 0.00000161026 9.72388E-10 32.0541 0.0324349
5747 1.76857E+8 92991.5 1.76857E+8 92991.5 0.00000215187 1.13149E-9 0.00000163285 9.85617E-10 32.04 0.0324286
5748 1.76766E+8 92924.3 1.76766E+8 92924.3 0.00000218122 1.14669E-9 0.00000165553 9.98987E-10 32.026 0.0324253
5749 1.76707E+8 92866.8 1.76707E+8 92866.8 0.00000221137 1.16221E-9 0.00000167923 1.01278E-9 32.0119 0.0324207
5750 1.76667E+8 92815.8 1.76667E+8 92815.8 0.00000224216 1.17801E-9 0.0000017019 1.0263E-9 31.9978 0.0324155
5751 1.76571E+8 92748.1 1.76571E+8 92748.1 0.00000227269 1.19382E-9 0.00000172554 1.04021E-9 31.9838 0.0324124
5752 1.76456E+8 92676.2 1.76456E+8 92676.2 0.00000230336 1.20978E-9 0.00000174879 1.05413E-9 31.9697 0.0324104
5753 1.76465E+8 92629.5 1.76465E+8 92629.5 0.00000233609 1.22629E-9 0.00000177402 1.06862E-9 31.9557 0.0324014
5754 1.76405E+8 92576.3 1.76405E+8 92576.3 0.00000236838 1.24295E-9 0.00000179846 1.08314E-9 31.9416 0.0323976
5755 1.762E+8 92479.8 1.762E+8 92479.8 0.00000239912 1.25924E-9 0.00000182162 1.09726E-9 31.9275 0.0323996
5756 1.7628E+8 92458.4 1.7628E+8 92458.4 0.00000243419 1.27677E-9 0.00000184937 1.11287E-9 31.9135 0.0323884
5757 1.76168E+8 92390 1.76168E+8 92390 0.00000246706 1.29387E-9 0.00000187359 1.12756E-9 31.8994 0.0323867
5758 1.76167E+8 92343.7 1.76167E+8 92343.7 0.000002502 1.31155E-9 0.00000190118 1.14328E-9 31.8854 0.0323788
5759 1.75996E+8 92257.1 1.75996E+8 92257.1 0.00000253495 1.32886E-9 0.00000192537 1.15811E-9 31.8713 0.0323793
5760 1.75771E+8 92152.4 1.75771E+8 92152.4 0.00000256757 1.34615E-9 0.00000194974 1.17306E-9 31.8572 0.0323816
5761 1.75873E+8 92136.7 1.75873E+8 92136.7 0.00000260543 1.36498E-9 0.00000197939 1.18975E-9 31.8432 0.0323695
5762 1.75865E+8 92091.8 1.75865E+8 92091.8 0.0000026422 1.38363E-9 0.00000200854 1.20633E-9 31.8291 0.0323623
5763 1.75742E+8 92015.2 1.75742E+8 92015.2 0.00000267773 1.40205E-9 0.00000203597 1.22253E-9 31.8151 0.0323601
5764 1.75599E+8 91936.9 1.75599E+8 91936.9 0.00000271344 1.4207E-9 0.00000206262 1.23863E-9 31.801 0.0323595
5765 1.75591E+8 91892.5 1.75591E+8 91892.5 0.00000275171 1.44011E-9 0.00000209241 1.25578E-9 31.787 0.0323525
5766 1.7548E+8 91825.5 1.7548E+8 91825.5 0.00000278892 1.45944E-9 0.00000212125 1.27279E-9 31.7729 0.0323509
5767 1.7544E+8 91779.2 1.7544E+8 91779.2 0.00000282777 1.47936E-9 0.00000215024 1.29E-9 31.7588 0.0323465
5768 1.75383E+8 91727.2 1.75383E+8 91727.2 0.00000286689 1.49946E-9 0.00000218124 1.30791E-9 31.7448 0.0323425
5769 1.75333E+8 91677.2 1.75333E+8 91677.2 0.00000290663 1.51986E-9 0.00000220986 1.32521E-9 31.7307 0.0323384
5770 1.75219E+8 91610.7 1.75219E+8 91610.7 0.00000294587 1.54025E-9 0.00000224023 1.34316E-9 31.7167 0.0323371
5771 1.75142E+8 91554.7 1.75142E+8 91554.7 0.00000298625 1.56111E-9 0.00000227197 1.36167E-9 31.7026 0.0323344
5772 1.75223E+8 91537.9 1.75223E+8 91537.9 0.00000302994 1.58292E-9 0.00000230677 1.38115E-9 31.6885 0.0323239
5773 1.75098E+8 91468.9 1.75098E+8 91468.9 0.00000307066 1.60412E-9 0.00000233715 1.39949E-9 31.6745 0.0323232
5774 1.75029E+8 91409.4 1.75029E+8 91409.4 0.00000311288 1.62577E-9 0.00000236933 1.41835E-9 31.6604 0.0323191
5775 1.75007E+8 91369.4 1.75007E+8 91369.4 0.0000031566 1.64808E-9 0.00000240289 1.43791E-9 31.6464 0.032314
5776 1.74887E+8 91301.3 1.74887E+8 91301.3 0.00000319909 1.67017E-9 0.00000243544 1.45725E-9 31.6323 0.0323131
5777 1.7492E+8 91272.1 1.7492E+8 91272.1 0.000003245 1.69327E-9 0.00000247005 1.47727E-9 31.6182 0.0323048
5778 1.74762E+8 91195.4 1.74762E+8 91195.4 0.00000328798 1.71581E-9 0.00000250298 1.49703E-9 31.6042 0.0323059
5779 1.74863E+8 91184.2 1.74863E+8 91184.2 0.00000333643 1.73988E-9 0.00000254019 1.51814E-9 31.5901 0.0322946
5780 1.74893E+8 91155.9 1.74893E+8 91155.9 0.00000338431 1.76399E-9 0.00000257753 1.53946E-9 31.576 0.0322867
5781 1.74615E+8 91047.7 1.74615E+8 91047.7 0.00000342673 1.78682E-9 0.0000026087 1.559E-9 31.562 0.0322933
5782 1.74679E+8 91027.4 1.74679E+8 91027.4 0.00000347652 1.81171E-9 0.00000264883 1.58137E-9 31.5479 0.0322838
5783 1.74557E+8 90959.7 1.74557E+8 90959.7 0.00000352332 1.83602E-9 0.00000268408 1.60252E-9 31.5339 0.032283
5784 1.74526E+8 90912.4 1.74526E+8 90912.4 0.00000357254 1.86103E-9 0.00000272184 1.62438E-9 31.5198 0.0322775
5785 1.7434E+8 90827.6 1.7434E+8 90827.6 0.00000361927 1.88563E-9 0.00000275757 1.64591E-9 31.5058 0.0322797
5786 1.7442E+8 90811.1 1.7442E+8 90811.1 0.00000367221 1.91198E-9 0.00000279845 1.66906E-9 31.4917 0.0322693
5787 1.74283E+8 90735.2 1.74283E+8 90735.2 0.00000372127 1.93743E-9 0.00000283572 1.69126E-9 31.4776 0.0322685
5788 1.74215E+8 90681.2 1.74215E+8 90681.2 0.00000377253 1.96371E-9 0.00000287542 1.71441E-9 31.4636 0.0322652
5789 1.74238E+8 90652.3 1.74238E+8 90652.3 0.00000382639 1.99086E-9 0.00000291699 1.73825E-9 31.4495 0.0322579
5790 1.74275E+8 90624.4 1.74275E+8 90624.4 0.00000388141 2.01843E-9 0.00000295822 1.76209E-9 31.4355 0.0322495
5791 1.74008E+8 90521.1 1.74008E+8 90521.1 0.00000393031 2.04466E-9 0.00000299695 1.78542E-9 31.4214 0.0322559
5792 1.74169E+8 90521.9 1.74169E+8 90521.9 0.00000398967 2.07364E-9 0.00000304129 1.81043E-9 31.4073 0.0322411
5793 1.73944E+8 90427.4 1.73944E+8 90427.4 0.00000404095 2.10081E-9 0.00000308094 1.83435E-9 31.3933 0.0322451
5794 1.73875E+8 90371 1.73875E+8 90371 0.00000409652 2.12922E-9 0.00000312317 1.85912E-9 31.3792 0.0322414
5795 1.73858E+8 90330.2 1.73858E+8 90330.2 0.0000041541 2.15838E-9 0.0000031677 1.88476E-9 31.3652 0.0322357
5796 1.73793E+8 90277.5 1.73793E+8 90277.5 0.00000421137 2.18768E-9 0.00000321161 1.91047E-9 31.3511 0.0322323
5797 1.73798E+8 90241 1.73798E+8 90241 0.0000042711 2.21776E-9 0.00000325845 1.9371E-9 31.337 0.0322254
5798 1.73724E+8 90184.9 1.73724E+8 90184.9 0.00000432976 2.24776E-9 0.00000330304 1.96323E-9 31.323 0.0322222
5799 1.73595E+8 90113 1.73595E+8 90113 0.00000438776 2.27776E-9 0.00000334709 1.98937E-9 31.3089 0.0322214
5800 1.73535E+8 90060.9 1.73535E+8 90060.9 0.00000444834 2.30866E-9 0.00000339514 2.01691E-9 31.2949 0.0322176
5801 1.73318E+8 89966.2 1.73318E+8 89966.2 0.00000450567 2.33889E-9 0.00000343869 2.04324E-9 31.2808 0.0322208
5802 1.73363E+8 89938.4 1.73363E+8 89938.4 0.00000457069 2.37129E-9 0.00000349009 2.07208E-9 31.2667 0.0322117
5803 1.73355E+8 89899.9 1.73355E+8 89899.9 0.0000046352 2.40383E-9 0.00000353688 2.09983E-9 31.2527 0.0322055
5804 1.73285E+8 89845.5 1.73285E+8 89845.5 0.00000469893 2.43641E-9 0.00000358665 2.1286E-9 31.2386 0.0322023
5805 1.73248E+8 89799.3 1.73248E+8 89799.3 0.00000476441 2.46961E-9 0.00000363828 2.15807E-9 31.2246 0.0321974
5806 1.73265E+8 89765.5 1.73265E+8 89765.5 0.00000483234 2.50363E-9 0.00000369097 2.18803E-9 31.2105 0.0321898
5807 1.73162E+8 89700.1 1.73162E+8 89700.1 0.00000489794 2.53727E-9 0.00000373937 2.21698E-9 31.1964 0.0321876
5808 1.72978E+8 89613.7 1.72978E+8 89613.7 0.00000496194 2.57068E-9 0.0000037906 2.24685E-9 31.1824 0.0321892
5809 1.72954E+8 89571.5 1.72954E+8 89571.5 0.00000503152 2.60587E-9 0.00000384416 2.27768E-9 31.1683 0.0321839
5810 1.7283E+8 89503.8 1.7283E+8 89503.8 0.00000509914 2.64078E-9 0.00000389655 2.30851E-9 31.1543 0.0321832
5811 1.72903E+8 89485.2 1.72903E+8 89485.2 0.00000517345 2.67758E-9 0.00000395299 2.34056E-9 31.1402 0.0321731
5812 1.72809E+8 89421.9 1.72809E+8 89421.9 0.00000524387 2.71358E-9 0.00000400515 2.37148E-9 31.1261 0.0321704
5813 1.72753E+8 89373.7 1.72753E+8 89373.7 0.00000531637 2.75051E-9 0.00000406442 2.40493E-9 31.1121 0.032167
5814 1.72704E+8 89319.2 1.72704E+8 89319.2 0.00000539011 2.78776E-9 0.00000412252 2.43801E-9 31.098 0.0321618
5815 1.72594E+8 89253.3 1.72594E+8 89253.3 0.00000546296 2.82515E-9 0.00000417645 2.47015E-9 31.084 0.0321602
5816 1.72451E+8 89181.9 1.72451E+8 89181.9 0.0000055357 2.86285E-9 0.00000423012 2.50254E-9 31.0699 0.0321606
5817 1.72592E+8 89177.7 1.72592E+8 89177.7 0.00000561869 2.90326E-9 0.00000429481 2.53824E-9 31.0559 0.0321467
5818 1.72434E+8 89099.3 1.72434E+8 89099.3 0.00000569305 2.94178E-9 0.00000435431 2.57273E-9 31.0418 0.0321473
5819 1.72373E+8 89044.7 1.72373E+8 89044.7 0.00000577159 2.98159E-9 0.00000441316 2.6072E-9 31.0277 0.0321431
5820 1.72276E+8 88981.8 1.72276E+8 88981.8 0.00000585005 3.02169E-9 0.000004476 2.64311E-9 31.0137 0.0321408
5821 1.72221E+8 88929.1 1.72221E+8 88929.1 0.00000593101 3.06267E-9 0.00000453661 2.67854E-9 30.9996 0.0321364
5822 1.72093E+8 88857.8 1.72093E+8 88857.8 0.0000060105 3.10354E-9 0.00000459735 2.71425E-9 30.9855 0.0321355
5823 1.72102E+8 88824 1.72102E+8 88824 0.00000609592 3.14628E-9 0.00000466347 2.75187E-9 30.9715 0.0321285
5824 1.72081E+8 88781 1.72081E+8 88781 0.00000618143 3.18925E-9 0.00000472851 2.78934E-9 30.9574 0.0321227
5825 1.71954E+8 88711.8 1.71954E+8 88711.8 0.00000626435 3.23191E-9 0.00000479161 2.82652E-9 30.9434 0.032122
5826 1.71849E+8 88644.3 1.71849E+8 88644.3 0.00000634918 3.27517E-9 0.00000485599 2.86435E-9 30.9293 0.0321196
5827 1.71918E+8 88621.9 1.71918E+8 88621.9 0.00000644169 3.32072E-9 0.00000493276 2.90586E-9 30.9152 0.0321091
5828 1.71701E+8 88531.5 1.71701E+8 88531.5 0.00000652463 3.36431E-9 0.00000499445 2.94343E-9 30.9012 0.032113
5829 1.71566E+8 88458.4 1.71566E+8 88458.4 0.00000661179 3.40911E-9 0.00000505947 2.9822E-9 30.8871 0.0321124
5830 1.71605E+8 88431.8 1.71605E+8 88431.8 0.00000670696 3.45634E-9 0.00000513337 3.02378E-9 30.8731 0.0321039
5831 1.71595E+8 88391.8 1.71595E+8 88391.8 0.00000680147 3.50368E-9 0.00000520631 3.06536E-9 30.859 0.0320976
5832 1.71565E+8 88347.3 1.71565E+8 88347.3 0.00000689661 3.55151E-9 0.00000527884 3.10713E-9 30.845 0.0320923
5833 1.71443E+8 88274.4 1.71443E+8 88274.4 0.00000698933 3.59885E-9 0.00000535487 3.15004E-9 30.8309 0.0320905
5834 1.7149E+8 88249.5 1.7149E+8 88249.5 0.0000070902 3.64876E-9 0.00000543112 3.1934E-9 30.8168 0.0320815
5835 1.71347E+8 88174.3 1.71347E+8 88174.3 0.0000071846 3.69728E-9 0.00000550539 3.2365E-9 30.8028 0.0320812
5836 1.71245E+8 88111.6 1.71245E+8 88111.6 0.00000728198 3.74694E-9 0.00000557688 3.27903E-9 30.7887 0.0320794
5837 1.71108E+8 88035.2 1.71108E+8 88035.2 0.0000073791 3.79667E-9 0.00000565328 3.32312E-9 30.7747 0.0320783
5838 1.71134E+8 88005.7 1.71134E+8 88005.7 0.00000748478 3.84917E-9 0.0000057359 3.36957E-9 30.7606 0.0320705
5839 1.70842E+8 87893.4 1.70842E+8 87893.4 0.00000757779 3.89868E-9 0.00000580768 3.41307E-9 30.7465 0.0320774
5840 1.70918E+8 87873.8 1.70918E+8 87873.8 0.00000768852 3.95302E-9 0.0000058933 3.46086E-9 30.7325 0.0320667
5841 1.70883E+8 87827.5 1.70883E+8 87827.5 0.00000779578 4.00687E-9 0.00000597334 3.50738E-9 30.7184 0.0320615
5842 1.70851E+8 87777.9 1.70851E+8 87777.9 0.00000790464 4.0613E-9 0.00000605846 3.55555E-9 30.7044 0.0320555
5843 1.70742E+8 87715.2 1.70742E+8 87715.2 0.00000801141 4.11584E-9 0.00000614183 3.60372E-9 30.6903 0.0320543
5844 1.70664E+8 87658.3 1.70664E+8 87658.3 0.00000812125 4.17145E-9 0.00000622182 3.65116E-9 30.6762 0.0320512
5845 1.70637E+8 87610.6 1.70637E+8 87610.6 0.00000823491 4.22821E-9 0.00000631573 3.70285E-9 30.6622 0.032045
5846 1.70337E+8 87496.1 1.70337E+8 87496.1 0.00000833678 4.28244E-9 0.0000063909 3.74944E-9 30.6481 0.0320522
5847 1.70421E+8 87481.7 1.70421E+8 87481.7 0.00000845906 4.34239E-9 0.00000648519 3.80211E-9 30.6341 0.0320417
5848 1.70387E+8 87433 1.70387E+8 87433 0.00000857707 4.4014E-9 0.00000657707 3.85421E-9 30.62 0.032036
5849 1.70338E+8 87381.3 1.70338E+8 87381.3 0.00000869603 4.4611E-9 0.00000667457 3.90828E-9 30.6059 0.0320311
5850 1.70045E+8 87269.8 1.70045E+8 87269.8 0.00000880398 4.51847E-9 0.00000675529 3.95796E-9 30.5919 0.0320382
5851 1.70165E+8 87259.8 1.70165E+8 87259.8 0.00000893495 4.58195E-9 0.00000685579 4.01353E-9 30.5778 0.0320251
5852 1.70132E+8 87212.5 1.70132E+8 87212.5 0.00000905976 4.64432E-9 0.00000695507 4.06916E-9 30.5638 0.0320195
5853 1.70101E+8 87168.9 1.70101E+8 87168.9 0.00000918631 4.70771E-9 0.00000704497 4.12264E-9 30.5497 0.0320144
5854 1.69897E+8 87074.6 1.69897E+8 87074.6 0.00000930514 4.76917E-9 0.0000071407 4.17784E-9 30.5356 0.0320163
5855 1.69867E+8 87027.4 1.69867E+8 87027.4 0.00000943525 4.83409E-9 0.00000724062 4.23476E-9 30.5216 0.0320105
5856 1.69722E+8 86954 1.69722E+8 86954 0.0000095607 4.89839E-9 0.0000073375 4.29118E-9 30.5075 0.0320106
5857 1.69781E+8 86932.5 1.69781E+8 86932.5 0.00000969935 4.96648E-9 0.00000744439 4.35105E-9 30.4935 0.0320011
5858 1.69691E+8 86866.4 1.69691E+8 86866.4 0.00000983155 5.033E-9 0.00000754595 4.40927E-9 30.4794 0.0319974
5859 1.6953E+8 86790.1 1.6953E+8 86790.1 0.0000099613 5.09981E-9 0.00000764649 4.46814E-9 30.4653 0.0319986
5860 1.69585E+8 86765 1.69585E+8 86765 0.0000101056 5.1705E-9 0.00000775604 4.52959E-9 30.4513 0.0319888
5861 1.69364E+8 86672.2 1.69364E+8 86672.2 0.0000102353 5.23808E-9 0.00000785931 4.58999E-9 30.4372 0.0319925
5862 1.69314E+8 86620 1.69314E+8 86620 0.0000103772 5.30905E-9 0.00000796855 4.65217E-9 30.4232 0.0319875
5863 1.69347E+8 86589.3 1.69347E+8 86589.3 0.0000105262 5.38233E-9 0.00000808801 4.71788E-9 30.4091 0.0319788
5864 1.69113E+8 86489.2 1.69113E+8 86489.2 0.0000106605 5.45223E-9 0.00000818914 4.77864E-9 30.395 0.0319824
5865 1.6916E+8 86464.7 1.6916E+8 86464.7 0.0000108144 5.52786E-9 0.0000083056 4.84445E-9 30.381 0.0319734
5866 1.69091E+8 86409.1 1.69091E+8 86409.1 0.000010963 5.6025E-9 0.00000842318 4.91077E-9 30.3669 0.0319696
5867 1.68956E+8 86336 1.68956E+8 86336 0.0000111094 5.67703E-9 0.00000853783 4.97681E-9 30.3529 0.0319689
5868 1.68925E+8 86287 1.68925E+8 86287 0.0000112646 5.75416E-9 0.00000866089 5.04541E-9 30.3388 0.0319627
5869 1.68854E+8 86233.2 1.68854E+8 86233.2 0.0000114194 5.83203E-9 0.0000087765 5.11277E-9 30.3247 0.0319595
5870 1.68865E+8 86197.1 1.68865E+8 86197.1 0.0000115817 5.91205E-9 0.0000088995 5.1824E-9 30.3107 0.0319518
5871 1.68664E+8 86104.4 1.68664E+8 86104.4 0.0000117318 5.98935E-9 0.00000901921 5.2514E-9 30.2966 0.0319536
5872 1.68582E+8 86047.6 1.68582E+8 86047.6 0.000011892 6.07013E-9 0.00000913989 5.32156E-9 30.2826 0.0319509
5873 1.68478E+8 85978.4 1.68478E+8 85978.4 0.000012053 6.15111E-9 0.00000926588 5.39318E-9 30.2685 0.0319478
5874 1.6845E+8 85934.3 1.6845E+8 85934.3 0.0000122217 6.23505E-9 0.00000939644 5.46706E-9 30.2544 0.0319423
5875 1.68412E+8 85889.9 1.68412E+8 85889.9 0.0000123919 6.32003E-9 0.00000952941 5.54225E-9 30.2404 0.0319377
5876 1.68324E+8 85833.6 1.68324E+8 85833.6 0.0000125607 6.4053E-9 0.00000966006 5.61724E-9 30.2263 0.0319356
5877 1.68336E+8 85803.7 1.68336E+8 85803.7 0.0000127396 6.4938E-9 0.00000979635 5.69441E-9 30.2123 0.0319288
5878 1.68238E+8 85744.6 1.68238E+8 85744.6 0.0000129125 6.58118E-9 0.00000992784 5.77069E-9 30.1982 0.0319271
5879 1.68234E+8 85708.4 1.68234E+8 85708.4 0.000013095 6.67154E-9 0.0000100691 5.85007E-9 30.1842 0.0319207
5880 1.68152E+8 85656.4 1.68152E+8 85656.4 0.0000132739 6.76194E-9 0.0000102154 5.93196E-9 30.1701 0.0319189
5881 1.68114E+8 85615.7 1.68114E+8 85615.7 0.0000134587 6.85435E-9 0.0000103608 6.01391E-9 30.156 0.0319149
5882 1.6804E+8 85561.4 1.6804E+8 85561.4 0.0000136433 6.94706E-9 0.0000104994 6.09422E-9 30.142 0.0319118
5883 1.67876E+8 85483.5 1.67876E+8 85483.5 0.000013823 7.03897E-9 0.0000106417 6.17599E-9 30.1279 0.0319129
5884 1.679E+8 85455.9 1.679E+8 85455.9 0.0000140207 7.13633E-9 0.0000107965 6.26225E-9 30.1139 0.0319053
5885 1.67771E+8 85393 1.67771E+8 85393 0.0000142082 7.232E-9 0.0000109394 6.34566E-9 30.0998 0.0319059
5886 1.67677E+8 85333.4 1.67677E+8 85333.4 0.0000144014 7.32932E-9 0.0000110873 6.43082E-9 30.0857 0.0319037
5887 1.67562E+8 85271 1.67562E+8 85271 0.0000145954 7.42773E-9 0.0000112388 6.51782E-9 30.0717 0.031903
5888 1.67565E+8 85239.6 1.67565E+8 85239.6 0.0000148023 7.53009E-9 0.0000113999 6.60831E-9 30.0576 0.0318968
5889 1.67627E+8 85222.5 1.67627E+8 85222.5 0.0000150174 7.63516E-9 0.0000115707 6.70172E-9 30.0436 0.0318877
5890 1.67535E+8 85162.8 1.67535E+8 85162.8 0.0000152216 7.73782E-9 0.0000117203 6.78974E-9 30.0295 0.0318853
5891 1.67296E+8 85067.7 1.67296E+8 85067.7 0.0000154152 7.83868E-9 0.0000118767 6.88019E-9 30.0154 0.0318903
5892 1.6738E+8 85057.1 1.6738E+8 85057.1 0.0000156411 7.94854E-9 0.0000120499 6.97661E-9 30.0014 0.0318803
5893 1.67285E+8 84999.9 1.67285E+8 84999.9 0.0000158536 8.05569E-9 0.0000122154 7.07111E-9 29.9873 0.0318786
5894 1.67161E+8 84933.5 1.67161E+8 84933.5 0.0000160663 8.16344E-9 0.0000123795 7.16584E-9 29.9733 0.0318779
5895 1.67227E+8 84913.3 1.67227E+8 84913.3 0.0000163 8.27698E-9 0.0000125582 7.26496E-9 29.9592 0.0318679
5896 1.67175E+8 84870.7 1.67175E+8 84870.7 0.0000165257 8.38998E-9 0.0000127419 7.36704E-9 29.9451 0.0318649
5897 1.67093E+8 84813.5 1.67093E+8 84813.5 0.0000167515 8.50303E-9 0.0000129123 7.46529E-9 29.9311 0.0318619
5898 1.67024E+8 84762.7 1.67024E+8 84762.7 0.0000169817 8.61829E-9 0.0000130905 7.56673E-9 29.917 0.031859
5899 1.67039E+8 84735.5 1.67039E+8 84735.5 0.0000172237 8.73753E-9 0.0000132855 7.67376E-9 29.903 0.0318524
5900 1.66934E+8 84672 1.66934E+8 84672 0.0000174566 8.85457E-9 0.0000134604 7.77518E-9 29.8889 0.0318504
5901 1.6684E+8 84613.5 1.6684E+8 84613.5 0.000017694 8.97384E-9 0.0000136375 7.87819E-9 29.8748 0.0318484
5902 1.6686E+8 84586.5 1.6686E+8 84586.5 0.0000179465 9.09792E-9 0.0000138359 7.98807E-9 29.8608 0.0318414
5903 1.66726E+8 84518.1 1.66726E+8 84518.1 0.000018186 9.21927E-9 0.0000140272 8.09677E-9 29.8467 0.0318414
5904 1.66729E+8 84487.9 1.66729E+8 84487.9 0.0000184438 9.3465E-9 0.0000142283 8.20902E-9 29.8327 0.0318354
5905 1.66719E+8 84448.3 1.66719E+8 84448.3 0.0000187037 9.47432E-9 0.0000144234 8.31971E-9 29.8186 0.0318289
5906 1.66527E+8 84367.5 1.66527E+8 84367.5 0.0000189467 9.59928E-9 0.0000146181 8.43183E-9 29.8045 0.031832
5907 1.66434E+8 84310.2 1.66434E+8 84310.2 0.0000192045 9.72865E-9 0.0000148156 8.54497E-9 29.7905 0.03183
5908 1.66378E+8 84262.6 1.66378E+8 84262.6 0.0000194698 9.86083E-9 0.0000150261 8.6626E-9 29.7764 0.0318264
5909 1.66379E+8 84228.7 1.66379E+8 84228.7 0.0000197454 9.99634E-9 0.0000152377 8.78144E-9 29.7624 0.03182
5910 1.66252E+8 84162.3 1.66252E+8 84162.3 0.0000200098 1.01299E-8 0.0000154402 8.89835E-9 29.7483 0.0318195
5911 1.66204E+8 84118.1 1.66204E+8 84118.1 0.0000202873 1.0268E-8 0.00001567 9.02416E-9 29.7342 0.0318158
5912 1.66097E+8 84056 1.66097E+8 84056 0.0000205612 1.04056E-8 0.0000158697 9.14155E-9 29.7202 0.0318142
5913 1.66018E+8 84002.5 1.66018E+8 84002.5 0.0000208425 1.05463E-8 0.0000160973 9.26821E-9 29.7061 0.0318117
5914 1.66035E+8 83970.9 1.66035E+8 83970.9 0.0000211398 1.06916E-8 0.0000163254 9.39539E-9 29.6921 0.0318041
5915 1.6602E+8 83934.9 1.6602E+8 83934.9 0.000021437 1.08383E-8 0.0000165532 9.52388E-9 29.678 0.0317987
5916 1.65898E+8 83866.8 1.65898E+8 83866.8 0.0000217247 1.09828E-8 0.0000167774 9.65153E-9 29.6639 0.0317974
5917 1.6585E+8 83822.2 1.6585E+8 83822.2 0.0000220257 1.11323E-8 0.00001701 9.78281E-9 29.6499 0.0317936
5918 1.65852E+8 83785.9 1.65852E+8 83785.9 0.000022338 1.12852E-8 0.0000172478 9.91628E-9 29.6358 0.0317866
5919 1.65729E+8 83722.2 1.65729E+8 83722.2 0.0000226372 1.14361E-8 0.0000174957 1.00538E-8 29.6218 0.0317863
5920 1.6555E+8 83645.1 1.6555E+8 83645.1 0.0000229332 1.15874E-8 0.0000177173 1.01849E-8 29.6077 0.0317888
5921 1.65424E+8 83576.2 1.65424E+8 83576.2 0.0000232403 1.17419E-8 0.0000179562 1.0321E-8 29.5936 0.0317878
5922 1.65454E+8 83550.8 1.65454E+8 83550.8 0.0000235736 1.19046E-8 0.0000182134 1.0464E-8 29.5796 0.0317801
5923 1.65508E+8 83531.2 1.65508E+8 83531.2 0.0000239153 1.20703E-8 0.0000184891 1.06127E-8 29.5655 0.0317711
5924 1.65438E+8 83476.6 1.65438E+8 83476.6 0.0000242434 1.22331E-8 0.0000187356 1.07541E-8 29.5515 0.0317675
5925 1.65259E+8 83397.8 1.65259E+8 83397.8 0.0000245602 1.23947E-8 0.0000189907 1.0899E-8 29.5374 0.0317697
5926 1.65257E+8 83363.4 1.65257E+8 83363.4 0.0000249076 1.25649E-8 0.0000192582 1.10483E-8 29.5234 0.0317633
5927 1.65186E+8 83309.9 1.65186E+8 83309.9 0.0000252494 1.27346E-8 0.0000195185 1.11965E-8 29.5093 0.03176
5928 1.6514E+8 83265.3 1.6514E+8 83265.3 0.0000255998 1.29081E-8 0.0000197976 1.13512E-8 29.4952 0.0317559
5929 1.65086E+8 83218.1 1.65086E+8 83218.1 0.0000259537 1.30834E-8 0.0000200736 1.15063E-8 29.4812 0.0317521
5930 1.64805E+8 83111.6 1.64805E+8 83111.6 0.0000262765 1.32517E-8 0.0000203291 1.16559E-8 29.4671 0.0317588
5931 1.64911E+8 83108.8 1.64911E+8 83108.8 0.0000266656 1.34389E-8 0.0000206261 1.18194E-8 29.4531 0.0317481
5932 1.64783E+8 83041.1 1.64783E+8 83041.1 0.0000270223 1.36181E-8 0.0000209043 1.19777E-8 29.439 0.0317474
5933 1.64847E+8 83023.1 1.64847E+8 83023.1 0.0000274154 1.38079E-8 0.0000212119 1.21456E-8 29.4249 0.0317379
5934 1.64786E+8 82971.1 1.64786E+8 82971.1 0.0000277933 1.39946E-8 0.0000215082 1.2311E-8 29.4109 0.0317338
5935 1.64593E+8 82885.9 1.64593E+8 82885.9 0.0000281539 1.41782E-8 0.0000217873 1.24725E-8 29.3968 0.0317361
5936 1.64586E+8 82854.2 1.64586E+8 82854.2 0.0000285513 1.43734E-8 0.0000220948 1.26442E-8 29.3828 0.0317307
5937 1.64503E+8 82796.8 1.64503E+8 82796.8 0.000028941 1.45669E-8 0.0000224086 1.28178E-8 29.3687 0.0317277
5938 1.64458E+8 82752.1 1.64458E+8 82752.1 0.0000293427 1.47651E-8 0.0000227148 1.29909E-8 29.3546 0.0317234
5939 1.6445E+8 82715.8 1.6445E+8 82715.8 0.0000297564 1.49675E-8 0.0000230378 1.31697E-8 29.3406 0.0317173
5940 1.64268E+8 82635.7 1.64268E+8 82635.7 0.0000301445 1.51648E-8 0.0000233451 1.33456E-8 29.3265 0.0317195
5941 1.64231E+8 82593.5 1.64231E+8 82593.5 0.0000305645 1.53717E-8 0.0000236567 1.35234E-8 29.3125 0.031715
5942 1.64172E+8 82541.3 1.64172E+8 82541.3 0.000030986 1.55794E-8 0.0000239854 1.3707E-8 29.2984 0.0317106
5943 1.64131E+8 82496.7 1.64131E+8 82496.7 0.0000314169 1.57915E-8 0.0000243341 1.38978E-8 29.2843 0.031706
5944 1.63988E+8 82426.5 1.63988E+8 82426.5 0.0000318337 1.60013E-8 0.0000246498 1.40805E-8 29.2703 0.0317063
5945 1.63941E+8 82381.2 1.63941E+8 82381.2 0.0000322756 1.62191E-8 0.0000249934 1.42724E-8 29.2562 0.0317022
5946 1.63928E+8 82344.6 1.63928E+8 82344.6 0.0000327301 1.64415E-8 0.0000253585 1.44719E-8 29.2422 0.0316964
5947 1.63897E+8 82301.8 1.63897E+8 82301.8 0.0000331872 1.66656E-8 0.0000257144 1.46698E-8 29.2281 0.0316911
5948 1.63733E+8 82224.3 1.63733E+8 82224.3 0.0000336234 1.68857E-8 0.0000260528 1.48636E-8 29.214 0.0316921
5949 1.63696E+8 82180.8 1.63696E+8 82180.8 0.0000340916 1.71157E-8 0.0000264189 1.50666E-8 29.2 0.0316873
5950 1.63757E+8 82161.8 1.63757E+8 82161.8 0.0000345873 1.7354E-8 0.0000268104 1.52785E-8 29.1859 0.0316777
5951 1.63632E+8 82098.1 1.63632E+8 82098.1 0.0000350502 1.75861E-8 0.0000271723 1.54841E-8 29.1719 0.0316775
5952 1.63457E+8 82016.6 1.63457E+8 82016.6 0.0000355087 1.78174E-8 0.0000275316 1.56888E-8 29.1578 0.0316787
5953 1.63476E+8 81984.4 1.63476E+8 81984.4 0.0000360154 1.80625E-8 0.0000279061 1.58993E-8 29.1437 0.0316706
5954 1.63386E+8 81928.7 1.63386E+8 81928.7 0.0000365052 1.83058E-8 0.0000283016 1.61182E-8 29.1297 0.0316686
5955 1.63277E+8 81865.2 1.63277E+8 81865.2 0.0000369974 1.85507E-8 0.0000286661 1.63288E-8 29.1156 0.0316669
5956 1.63234E+8 81824.2 1.63234E+8 81824.2 0.0000375113 1.88038E-8 0.0000290813 1.65565E-8 29.1016 0.0316631
5957 1.63242E+8 81790.7 1.63242E+8 81790.7 0.0000380443 1.90622E-8 0.0000294892 1.67825E-8 29.0875 0.0316559
5958 1.63058E+8 81708 1.63058E+8 81708 0.0000385394 1.93126E-8 0.0000298865 1.7007E-8 29.0734 0.0316577
5959 1.63091E+8 81682.1 1.63091E+8 81682.1 0.0000390933 1.95799E-8 0.0000303243 1.72446E-8 29.0594 0.0316495
5960 1.62997E+8 81622.9 1.62997E+8 81622.9 0.0000396239 1.98428E-8 0.0000307467 1.74793E-8 29.0453 0.0316471
5961 1.62905E+8 81567.3 1.62905E+8 81567.3 0.0000401618 2.01098E-8 0.0000311574 1.77125E-8 29.0313 0.0316453
5962 1.62824E+8 81509.5 1.62824E+8 81509.5 0.0000407105 2.03803E-8 0.0000315881 1.79524E-8 29.0172 0.031642
5963 1.62674E+8 81438.2 1.62674E+8 81438.2 0.000041249 2.06508E-8 0.0000320126 1.81927E-8 29.0031 0.0316427
5964 1.62669E+8 81400.8 1.62669E+8 81400.8 0.0000418316 2.09334E-8 0.0000324565 1.8439E-8 28.9891 0.0316359
5965 1.62559E+8 81341.1 1.62559E+8 81341.1 0.0000423957 2.12145E-8 0.0000328882 1.86848E-8 28.975 0.031635
5966 1.62488E+8 81287.6 1.62488E+8 81287.6 0.0000429769 2.15006E-8 0.0000333541 1.8941E-8 28.961 0.0316315
5967 1.6225E+8 81194.7 1.6225E+8 81194.7 0.0000435214 2.178E-8 0.0000337774 1.91876E-8 28.9469 0.0316366
5968 1.62278E+8 81164.3 1.62278E+8 81164.3 0.0000441452 2.20801E-8 0.0000342658 1.94528E-8 28.9328 0.0316279
5969 1.62221E+8 81117.9 1.62221E+8 81117.9 0.0000447547 2.238E-8 0.0000347424 1.97181E-8 28.9188 0.0316244
5970 1.62117E+8 81052.9 1.62117E+8 81052.9 0.0000453594 2.26787E-8 0.0000352321 1.99872E-8 28.9047 0.0316219
5971 1.62033E+8 81002.5 1.62033E+8 81002.5 0.0000459777 2.29855E-8 0.000035695 2.02523E-8 28.8907 0.0316202
5972 1.61956E+8 80946.3 1.61956E+8 80946.3 0.0000466065 2.32947E-8 0.000036196 2.05286E-8 28.8766 0.0316168
5973 1.61983E+8 80916.6 1.61983E+8 80916.6 0.0000472741 2.36159E-8 0.0000367201 2.08133E-8 28.8625 0.0316084
5974 1.61927E+8 80871.5 1.61927E+8 80871.5 0.0000479268 2.39369E-8 0.0000372232 2.10953E-8 28.8485 0.031605
5975 1.61743E+8 80786.8 1.61743E+8 80786.8 0.0000485505 2.42505E-8 0.0000377308 2.13783E-8 28.8344 0.0316064
5976 1.61631E+8 80724.6 1.61631E+8 80724.6 0.0000492036 2.45749E-8 0.0000382347 2.16627E-8 28.8204 0.0316053
5977 1.61704E+8 80706.5 1.61704E+8 80706.5 0.0000499228 2.49172E-8 0.0000387873 2.19628E-8 28.8063 0.0315945
5978 1.61534E+8 80628.5 1.61534E+8 80628.5 0.0000505764 2.52456E-8 0.000039276 2.22469E-8 28.7923 0.0315959
5979 1.61535E+8 80596.8 1.61535E+8 80596.8 0.000051293 2.5593E-8 0.0000398685 2.25633E-8 28.7782 0.0315896
5980 1.6145E+8 80540.2 1.6145E+8 80540.2 0.000051992 2.59372E-8 0.0000404049 2.28649E-8 28.7641 0.0315868
5981 1.6137E+8 80485.4 1.6137E+8 80485.4 0.0000527022 2.62866E-8 0.0000409536 2.31716E-8 28.7501 0.0315838
5982 1.61235E+8 80435.2 1.61235E+8 80435.2 0.0000534032 2.66422E-8 0.0000415168 2.34895E-8 28.736 0.0315873
5983 1.59514E+8 80842.1 1.59514E+8 80842.1 0.0000535754 2.71594E-8 0.0000416703 2.39384E-8 28.7221 0.0318393
5984 1.40726E+8 83533 1.40726E+8 83533 0.0000478825 2.84715E-8 0.000037279 2.50895E-8 28.7091 0.0344703
5985 9.50229E+7 85422.9 9.50229E+7 85422.9 0.000032746 2.95096E-8 0.0000254544 2.6009E-8 28.6964 0.0424281
5986 7.31412E+7 85430.6 7.31412E+7 85430.6 0.0000256467 2.99375E-8 0.0000198956 2.63797E-8 28.679 0.0483253
5987 1.09561E+8 85170.2 1.09561E+8 85170.2 0.0000390267 3.02607E-8 0.0000303733 2.66703E-8 28.6633 0.0394051
5988 1.48667E+8 82248.6 1.48667E+8 82248.6 0.0000536154 2.96283E-8 0.0000417157 2.61034E-8 28.6509 0.0332543
5989 1.60099E+8 80305.8 1.60099E+8 80305.8 0.0000585145 2.93486E-8 0.0000455448 2.58844E-8 28.6375 0.0316727
5990 1.60847E+8 80073.5 1.60847E+8 80073.5 0.0000596168 2.96795E-8 0.0000463974 2.61826E-8 28.6235 0.0315541
5991 1.60642E+8 79983.8 1.60642E+8 79983.8 0.0000603837 3.0066E-8 0.0000469872 2.65217E-8 28.6095 0.0315566
5992 1.60688E+8 79964.1 1.60688E+8 79964.1 0.0000612565 3.04843E-8 0.0000476604 2.68891E-8 28.5954 0.0315482
5993 1.60529E+8 79894.2 1.60529E+8 79894.2 0.0000620625 3.0889E-8 0.0000483235 2.72559E-8 28.5814 0.03155
5994 1.60517E+8 79862 1.60517E+8 79862 0.0000629365 3.13136E-8 0.0000489963 2.76281E-8 28.5673 0.0315448
5995 1.60401E+8 79803.1 1.60401E+8 79803.1 0.0000637814 3.17336E-8 0.0000496349 2.7994E-8 28.5532 0.0315446
5996 1.60404E+8 79773 1.60404E+8 79773 0.0000646856 3.21707E-8 0.0000503551 2.8384E-8 28.5392 0.0315383
5997 1.60251E+8 79702.4 1.60251E+8 79702.4 0.0000655389 3.25973E-8 0.0000510459 2.87681E-8 28.5251 0.0315394
5998 1.60268E+8 79679.2 1.60268E+8 79679.2 0.0000664738 3.30493E-8 0.0000517339 2.91552E-8 28.5111 0.0315332
5999 1.60168E+8 79621.7 1.60168E+8 79621.7 0.0000673731 3.3493E-8 0.0000524558 2.95534E-8 28.497 0.0315316
6000 1.60092E+8 79572.7 1.60092E+8 79572.7 0.0000682945 3.39462E-8 0.0000531696 2.9952E-8 28.4829 0.0315293
6001 1.60058E+8 79534.9 1.60058E+8 79534.9 0.0000692467 3.44105E-8 0.0000539466 3.03721E-8 28.4689 0.0315252
6002 1.60088E+8 79510.1 1.60088E+8 79510.1 0.0000702404 3.48869E-8 0.000054699 3.07856E-8 28.4548 0.0315174
6003 1.60099E+8 79485.1 1.60099E+8 79485.1 0.0000712399 3.53698E-8 0.0000554868 3.1215E-8 28.4408 0.0315113
6004 1.59892E+8 79400.7 1.59892E+8 79400.7 0.0000721549 3.58323E-8 0.0000561983 3.16229E-8 28.4267 0.0315149
6005 1.59803E+8 79346.6 1.59803E+8 79346.6 0.0000731356 3.6315E-8 0.0000569798 3.20538E-8 28.4126 0.031513
6006 1.59783E+8 79311.2 1.59783E+8 79311.2 0.0000741626 3.6813E-8 0.0000577751 3.24914E-8 28.3986 0.0315079
6007 1.59551E+8 79223.8 1.59551E+8 79223.8 0.0000751036 3.72931E-8 0.0000585431 3.29247E-8 28.3845 0.0315135
6008 1.59616E+8 79208.3 1.59616E+8 79208.3 0.0000761975 3.78136E-8 0.0000593941 3.33844E-8 28.3705 0.031504
6009 1.59592E+8 79171.1 1.59592E+8 79171.1 0.0000772651 3.83312E-8 0.0000602135 3.38377E-8 28.3564 0.031499
6010 1.5949E+8 79115.2 1.5949E+8 79115.2 0.0000783084 3.88461E-8 0.000061071 3.43049E-8 28.3423 0.0314979
6011 1.59391E+8 79057 1.59391E+8 79057 0.0000793684 3.93674E-8 0.000061873 3.47578E-8 28.3283 0.0314961
6012 1.59413E+8 79033.6 1.59413E+8 79033.6 0.000080504 3.99133E-8 0.0000627573 3.52399E-8 28.3142 0.0314892
6013 1.59333E+8 78985.3 1.59333E+8 78985.3 0.0000816025 4.04535E-8 0.0000636247 3.57204E-8 28.3002 0.0314875
6014 1.59204E+8 78919.9 1.59204E+8 78919.9 0.0000826908 4.09923E-8 0.0000644645 3.6193E-8 28.2861 0.0314872
6015 1.59278E+8 78906.6 1.59278E+8 78906.6 0.0000838995 4.15653E-8 0.000065431 3.67065E-8 28.2721 0.0314773
6016 1.59119E+8 78838 1.59119E+8 78838 0.000085003 4.21172E-8 0.0000662941 3.71938E-8 28.258 0.0314793
6017 1.59039E+8 78785.6 1.59039E+8 78785.6 0.0000861635 4.26855E-8 0.0000672033 3.76969E-8 28.2439 0.0314768
6018 1.58987E+8 78744.2 1.58987E+8 78744.2 0.0000873542 4.32668E-8 0.0000681848 3.82259E-8 28.2299 0.0314737
6019 1.58882E+8 78688.1 1.58882E+8 78688.1 0.0000885336 4.38485E-8 0.0000690415 3.87218E-8 28.2158 0.0314728
6020 1.58868E+8 78653.3 1.58868E+8 78653.3 0.0000897788 4.44495E-8 0.0000700273 3.92564E-8 28.2017 0.0314672
6021 1.58839E+8 78617.1 1.58839E+8 78617.1 0.000091033 4.50581E-8 0.0000710355 3.98022E-8 28.1877 0.0314629
6022 1.58713E+8 78553.7 1.58713E+8 78553.7 0.0000922489 4.56593E-8 0.0000720099 4.03403E-8 28.1736 0.0314627
6023 1.58652E+8 78505.3 1.58652E+8 78505.3 0.0000935196 4.62772E-8 0.0000730112 4.08896E-8 28.1596 0.031459
6024 1.58664E+8 78479.3 1.58664E+8 78479.3 0.0000948508 4.69169E-8 0.0000740822 4.14629E-8 28.1455 0.0314526
6025 1.58632E+8 78439.3 1.58632E+8 78439.3 0.0000961741 4.75569E-8 0.0000750745 4.20167E-8 28.1314 0.0314477
6026 1.5843E+8 78357.9 1.5843E+8 78357.9 0.0000974119 4.81803E-8 0.0000760648 4.2575E-8 28.1174 0.0314515
6027 1.58339E+8 78303.4 1.58339E+8 78303.4 0.0000987341 4.88285E-8 0.0000770953 4.31465E-8 28.1033 0.0314496
6028 1.58307E+8 78265.9 1.58307E+8 78265.9 0.000100113 4.94963E-8 0.0000781536 4.37319E-8 28.0893 0.0314452
6029 1.58224E+8 78215.3 1.58224E+8 78215.3 0.000101476 5.01641E-8 0.0000792609 4.43336E-8 28.0752 0.0314433
6030 1.58194E+8 78176.7 1.58194E+8 78176.7 0.000102893 5.08495E-8 0.000080331 4.49291E-8 28.0612 0.0314385
6031 1.58166E+8 78135.7 1.58166E+8 78135.7 0.000104332 5.15428E-8 0.0000814969 4.55537E-8 28.0471 0.031433
6032 1.58032E+8 78074.3 1.58032E+8 78074.3 0.000105719 5.2231E-8 0.0000826012 4.61668E-8 28.033 0.031434
6033 1.58121E+8 78062 1.58121E+8 78062 0.000107276 5.2962E-8 0.0000838152 4.68133E-8 28.019 0.0314227
6034 1.57886E+8 77977.2 1.57886E+8 77977.2 0.000108634 5.36538E-8 0.0000848518 4.74185E-8 28.0049 0.031429
6035 1.57889E+8 77942.6 1.57889E+8 77942.6 0.000110174 5.43894E-8 0.0000860905 4.80781E-8 27.9909 0.0314217
6036 1.57746E+8 77880.5 1.57746E+8 77880.5 0.000111633 5.51158E-8 0.0000872413 4.87238E-8 27.9768 0.0314234
6037 1.57686E+8 77831.3 1.57686E+8 77831.3 0.00011317 5.58606E-8 0.0000884817 4.93926E-8 27.9627 0.0314194
6038 1.57611E+8 77783.1 1.57611E+8 77783.1 0.000114718 5.66166E-8 0.0000896542 5.00505E-8 27.9487 0.0314172
6039 1.57588E+8 77745.8 1.57588E+8 77745.8 0.000116325 5.73902E-8 0.000090963 5.07494E-8 27.9346 0.0314119
6040 1.57481E+8 77687.9 1.57481E+8 77687.9 0.000117893 5.81601E-8 0.0000922091 5.1436E-8 27.9206 0.0314109
6041 1.57408E+8 77637.2 1.57408E+8 77637.2 0.000119506 5.8945E-8 0.0000934587 5.21261E-8 27.9065 0.031408
6042 1.57284E+8 77577.3 1.57284E+8 77577.3 0.000121103 5.97334E-8 0.0000947197 5.28263E-8 27.8924 0.0314082
6043 1.57254E+8 77539.1 1.57254E+8 77539.1 0.000122794 6.05492E-8 0.0000960186 5.35414E-8 27.8784 0.0314035
6044 1.5714E+8 77476.8 1.5714E+8 77476.8 0.000124442 6.13573E-8 0.0000973066 5.42561E-8 27.8643 0.0314023
6045 1.57175E+8 77457.9 1.57175E+8 77457.9 0.000126232 6.22106E-8 0.0000987395 5.50194E-8 27.8503 0.0313949
6046 1.57043E+8 77392.3 1.57043E+8 77392.3 0.000127913 6.30386E-8 0.000100094 5.5762E-8 27.8362 0.0313948
6047 1.57005E+8 77350.6 1.57005E+8 77350.6 0.000129692 6.38963E-8 0.000101437 5.65067E-8 27.8221 0.0313901
6048 1.56932E+8 77304.2 1.56932E+8 77304.2 0.000131467 6.47622E-8 0.000102887 5.729E-8 27.8081 0.0313881
6049 1.56878E+8 77258.9 1.56878E+8 77258.9 0.000133284 6.56413E-8 0.000104338 5.80769E-8 27.794 0.0313842
6050 1.56698E+8 77184.2 1.56698E+8 77184.2 0.000135016 6.65062E-8 0.000105621 5.88216E-8 27.7799 0.031387
6051 1.56652E+8 77138.7 1.56652E+8 77138.7 0.00013685 6.73894E-8 0.000107116 5.96199E-8 27.7662 0.0313824
6052 1.56642E+8 77102.9 1.56642E+8 77102.9 0.000138517 6.81823E-8 0.000108412 6.03184E-8 27.754 0.031376
6053 1.56624E+8 77068.6 1.56624E+8 77068.6 0.000139985 6.8882E-8 0.000109557 6.09368E-8 27.7433 0.0313708
6054 1.56446E+8 76993.7 1.56446E+8 76993.7 0.000141297 6.95393E-8 0.000110622 6.15291E-8 27.7329 0.0313734
6055 1.56453E+8 76962.6 1.56453E+8 76962.6 0.000142791 7.02432E-8 0.000111799 6.21545E-8 27.7224 0.0313664
6056 1.5633E+8 76904.9 1.5633E+8 76904.9 0.000144182 7.09299E-8 0.000112923 6.27713E-8 27.7119 0.031367
6057 1.5622E+8 76844.1 1.5622E+8 76844.1 0.000145597 7.16194E-8 0.000114 6.33719E-8 27.7014 0.0313655
6058 1.56137E+8 76791.3 1.56137E+8 76791.3 0.000147052 7.23242E-8 0.000115179 6.40076E-8 27.691 0.0313631
6059 1.56039E+8 76735.6 1.56039E+8 76735.6 0.000148507 7.3033E-8 0.000116293 6.46274E-8 27.6805 0.0313617
6060 1.5609E+8 76718.6 1.5609E+8 76718.6 0.000150119 7.37852E-8 0.000117577 6.52995E-8 27.67 0.031353
6061 1.55892E+8 76640.1 1.55892E+8 76640.1 0.000151509 7.4486E-8 0.000118708 6.59305E-8 27.6595 0.0313568
6062 1.55951E+8 76618.6 1.55951E+8 76618.6 0.000153161 7.52488E-8 0.00012 6.6606E-8 27.6491 0.0313465
6063 1.55793E+8 76548.8 1.55793E+8 76548.8 0.000154617 7.59722E-8 0.000121108 6.72372E-8 27.6386 0.0313482
6064 1.55732E+8 76504.1 1.55732E+8 76504.1 0.000156185 7.67279E-8 0.000122438 6.79345E-8 27.6281 0.0313451
6065 1.55614E+8 76444.3 1.55614E+8 76444.3 0.000157708 7.74743E-8 0.000123558 6.85742E-8 27.6177 0.0313448
6066 1.55541E+8 76392.2 1.55541E+8 76392.2 0.000159294 7.82367E-8 0.00012484 6.92605E-8 27.6072 0.0313414
6067 1.55497E+8 76350.7 1.55497E+8 76350.7 0.000160927 7.90175E-8 0.000126115 6.99502E-8 27.5967 0.0313373
6068 1.55313E+8 76272.2 1.55313E+8 76272.2 0.000162429 7.97676E-8 0.000127299 7.06152E-8 27.5862 0.0313397
6069 1.55305E+8 76239.2 1.55305E+8 76239.2 0.00016413 8.05726E-8 0.000128672 7.13382E-8 27.5758 0.0313338
6070 1.55195E+8 76181.1 1.55195E+8 76181.1 0.000165741 8.13592E-8 0.00012995 7.20405E-8 27.5653 0.031333
6071 1.55101E+8 76125.6 1.55101E+8 76125.6 0.000167384 8.21555E-8 0.000131221 7.2741E-8 27.5548 0.0313311
6072 1.5506E+8 76086.5 1.5506E+8 76086.5 0.000169103 8.29784E-8 0.00013255 7.34634E-8 27.5443 0.0313272
6073 1.54978E+8 76032.6 1.54978E+8 76032.6 0.000170792 8.37923E-8 0.000133964 7.4208E-8 27.5339 0.0313243
6074 1.54962E+8 75998.6 1.54962E+8 75998.6 0.000172573 8.46371E-8 0.000135292 7.49381E-8 27.5234 0.031319
6075 1.54878E+8 75947.3 1.54878E+8 75947.3 0.000174296 8.54706E-8 0.000136745 7.57042E-8 27.5129 0.0313168
6076 1.54782E+8 75888.2 1.54782E+8 75888.2 0.000176022 8.63032E-8 0.000138093 7.64412E-8 27.5024 0.0313143
6077 1.54715E+8 75839.6 1.54715E+8 75839.6 0.0001778 8.71566E-8 0.000139525 7.72069E-8 27.4919 0.0313111
6078 1.54599E+8 75779.8 1.54599E+8 75779.8 0.000179535 8.80042E-8 0.000140877 7.79548E-8 27.4815 0.0313105
6079 1.54514E+8 75728.4 1.54514E+8 75728.4 0.000181327 8.88707E-8 0.000142319 7.87331E-8 27.471 0.0313085
6080 1.5446E+8 75681.4 1.5446E+8 75681.4 0.000183172 8.97507E-8 0.000143788 7.95184E-8 27.4605 0.0313042
6081 1.54406E+8 75634.2 1.54406E+8 75634.2 0.000185034 9.06386E-8 0.000145155 8.02766E-8 27.4501 0.0313
6082 1.54161E+8 75546.8 1.54161E+8 75546.8 0.000186688 9.1488E-8 0.000146565 8.10624E-8 27.4396 0.0313067
6083 1.54076E+8 75495.6 1.54076E+8 75495.6 0.000188549 9.23881E-8 0.000147992 8.18506E-8 27.4291 0.0313047
6084 1.5414E+8 75476.8 1.5414E+8 75476.8 0.000190614 9.33382E-8 0.000149649 8.27012E-8 27.4186 0.0312944
6085 1.54002E+8 75410.8 1.54002E+8 75410.8 0.000192448 9.42381E-8 0.000151126 8.35106E-8 27.4082 0.0312946
6086 1.53924E+8 75358.3 1.53924E+8 75358.3 0.000194375 9.51638E-8 0.000152615 8.43223E-8 27.3977 0.0312917
6087 1.53758E+8 75284.6 1.53758E+8 75284.6 0.000196211 9.60719E-8 0.000154143 8.51516E-8 27.3872 0.0312932
6088 1.53767E+8 75255.1 1.53767E+8 75255.1 0.000198289 9.70459E-8 0.000155691 8.59911E-8 27.3767 0.0312862
6089 1.53685E+8 75203.4 1.53685E+8 75203.4 0.000200269 9.79997E-8 0.00015728 8.68448E-8 27.3663 0.0312838
6090 1.53558E+8 75139.6 1.53558E+8 75139.6 0.00020221 9.89478E-8 0.000158833 8.76925E-8 27.3558 0.0312835
6091 1.53528E+8 75103.4 1.53528E+8 75103.4 0.0002043 9.99419E-8 0.000160525 8.85889E-8 27.3453 0.031279
6092 1.53406E+8 75041.7 1.53406E+8 75041.7 0.000206287 1.00911E-7 0.000162145 8.94643E-8 27.3348 0.0312786
6093 1.53302E+8 74982 1.53302E+8 74982 0.000208317 1.01892E-7 0.00016366 9.03118E-8 27.3244 0.0312767
6094 1.53248E+8 74942.8 1.53248E+8 74942.8 0.000210437 1.02911E-7 0.000165316 9.12122E-8 27.3139 0.031274
6095 1.53054E+8 74864.6 1.53054E+8 74864.6 0.000212383 1.03886E-7 0.000167004 9.21197E-8 27.3034 0.0312776
6096 1.53038E+8 74831.3 1.53038E+8 74831.3 0.000214598 1.04934E-7 0.000168647 9.30217E-8 27.2929 0.0312722
6097 1.53001E+8 74797.9 1.53001E+8 74797.9 0.000216804 1.05991E-7 0.000170443 9.39778E-8 27.2825 0.0312691
6098 1.52911E+8 74743.8 1.52911E+8 74743.8 0.000218959 1.0703E-7 0.000172224 9.49206E-8 27.272 0.0312669
6099 1.52844E+8 74702.2 1.52844E+8 74702.2 0.000221167 1.08097E-7 0.000173881 9.58468E-8 27.2615 0.0312651
6100 1.52705E+8 74640 1.52705E+8 74640 0.000223292 1.09143E-7 0.000175587 9.67833E-8 27.2511 0.0312662
