# Instrument-source: 'mcstasscript_soleil_rock_111.instr'
# Date: Fri Jan 27 23 28 2023
# Ncount: 10000000
# Numpoints: 551
# Param: Etohit = 4750
# type: multiarray_1d(551)
# title: Scan of Etohit
# xlabel: 'Etohit'
# ylabel: 'Intensity'
# xvars: Etohit
# yvars: (EnergyMonitor_before_sample_I,EnergyMonitor_before_sample_ERR) (e_repartition_after_m2b_I,e_repartition_after_m2b_ERR) (EnergyMonitor_after_sample_I,EnergyMonitor_after_sample_ERR) (psd_monitor_I,psd_monitor_ERR) (absorption_coefficient_I,absorption_coefficient_ERR)
# xlimits: 4750 5300
# filename: mccode.dat
# variables: Etohit EnergyMonitor_before_sample_I EnergyMonitor_before_sample_ERR e_repartition_after_m2b_I e_repartition_after_m2b_ERR EnergyMonitor_after_sample_I EnergyMonitor_after_sample_ERR psd_monitor_I psd_monitor_ERR absorption_coefficient_I absorption_coefficient_ERR
4750 1.78591E+8 156802 1.78591E+8 156802 3.52729E+6 3096.97 2.35417E+6 2530.11 3.92457 0.0419046
4751 1.78605E+8 156703 1.78604E+8 156703 3.53563E+6 3102.1 2.35888E+6 2533.81 3.92228 0.0418899
4752 1.78541E+8 156564 1.78541E+8 156564 3.54243E+6 3106.42 2.36429E+6 2537.85 3.92 0.0418788
4753 1.78806E+8 156576 1.78806E+8 156576 3.5558E+6 3113.75 2.37499E+6 2544.78 3.91772 0.0418492
4754 1.79074E+8 156587 1.79074E+8 156587 3.56927E+6 3121.09 2.38091E+6 2549.17 3.91544 0.0418194
4755 1.79194E+8 156529 1.79194E+8 156529 3.57982E+6 3127.06 2.38878E+6 2554.41 3.91316 0.0417976
4756 1.79373E+8 156502 1.79373E+8 156502 3.59157E+6 3133.65 2.39855E+6 2560.86 3.91088 0.0417732
4757 1.79578E+8 156487 1.79578E+8 156487 3.6039E+6 3140.52 2.40607E+6 2566.08 3.90859 0.0417473
4758 1.79309E+8 156265 1.79309E+8 156265 3.60672E+6 3143.23 2.40792E+6 2568.24 3.90631 0.041749
4759 1.79668E+8 156305 1.79668E+8 156305 3.6222E+6 3151.22 2.41981E+6 2575.62 3.90403 0.0417127
4760 1.80062E+8 156374 1.80062E+8 156374 3.63844E+6 3159.8 2.43157E+6 2583.16 3.90175 0.041676
4761 1.80044E+8 156260 1.80044E+8 156260 3.64639E+6 3164.71 2.43523E+6 2586.29 3.89947 0.0416629
4762 1.80321E+8 156261 1.80321E+8 156261 3.66034E+6 3171.96 2.44551E+6 2592.7 3.89718 0.0416311
4763 1.80372E+8 156179 1.80372E+8 156179 3.66974E+6 3177.53 2.44972E+6 2596.19 3.8949 0.0416142
4764 1.80151E+8 155975 1.80151E+8 155975 3.6736E+6 3180.63 2.45773E+6 2601.55 3.89262 0.0416126
4765 1.80416E+8 155982 1.80416E+8 155982 3.68742E+6 3188.05 2.46648E+6 2607.37 3.89034 0.041583
4766 1.80558E+8 155934 1.80558E+8 155934 3.69875E+6 3194.35 2.47353E+6 2612.33 3.88806 0.0415602
4767 1.80746E+8 155908 1.80746E+8 155908 3.71105E+6 3201.11 2.48001E+6 2616.89 3.88577 0.0415352
4768 1.80964E+8 155898 1.80964E+8 155898 3.72402E+6 3208.23 2.49337E+6 2625.14 3.88349 0.0415088
4769 1.81054E+8 155823 1.81054E+8 155823 3.73439E+6 3214 2.50061E+6 2630 3.88121 0.0414885
4770 1.81141E+8 155749 1.81141E+8 155749 3.74471E+6 3219.82 2.50614E+6 2634.04 3.87893 0.0414687
4771 1.80898E+8 155536 1.80898E+8 155536 3.74824E+6 3222.75 2.50972E+6 2637.12 3.87665 0.0414681
4772 1.81246E+8 155575 1.81246E+8 155575 3.76401E+6 3230.94 2.51948E+6 2643.39 3.87437 0.0414336
4773 1.81565E+8 155599 1.81565E+8 155599 3.77926E+6 3238.82 2.53083E+6 2650.41 3.87208 0.0414004
4774 1.8144E+8 155439 1.8144E+8 155439 3.78529E+6 3242.86 2.53392E+6 2653.21 3.8698 0.0413932
4775 1.81568E+8 155381 1.81568E+8 155381 3.79662E+6 3249.07 2.54067E+6 2657.91 3.86752 0.0413709
4776 1.81895E+8 155412 1.81895E+8 155412 3.81215E+6 3257.15 2.55595E+6 2667.09 3.86524 0.0413379
4777 1.81849E+8 155279 1.81849E+8 155279 3.81988E+6 3261.8 2.55862E+6 2669.52 3.86296 0.0413255
4778 1.82006E+8 155235 1.82006E+8 155235 3.83191E+6 3268.31 2.56982E+6 2676.51 3.86067 0.0413018
4779 1.82059E+8 155154 1.82059E+8 155154 3.8418E+6 3274.08 2.57367E+6 2679.75 3.85839 0.0412849
4780 1.82085E+8 155051 1.82085E+8 155051 3.85113E+6 3279.38 2.58091E+6 2684.68 3.85611 0.0412683
4781 1.82401E+8 155078 1.82401E+8 155078 3.86662E+6 3287.43 2.5906E+6 2690.86 3.85383 0.041236
4782 1.82306E+8 154926 1.82306E+8 154926 3.87342E+6 3291.73 2.59714E+6 2695.4 3.85155 0.0412267
4783 1.82382E+8 154865 1.82382E+8 154865 3.88389E+6 3297.94 2.60424E+6 2700.59 3.84927 0.04121
4784 1.82756E+8 154934 1.82756E+8 154934 3.90074E+6 3306.95 2.61581E+6 2708.04 3.84698 0.041177
4785 1.82883E+8 154905 1.82883E+8 154905 3.91237E+6 3313.87 2.62318E+6 2713.51 3.8447 0.0411587
4786 1.83269E+8 154980 1.83269E+8 154980 3.92959E+6 3323.06 2.63529E+6 2721.3 3.84242 0.0411254
4787 1.83272E+8 154898 1.83272E+8 154898 3.93864E+6 3328.89 2.64195E+6 2726.39 3.84014 0.0411141
4788 1.83235E+8 154796 1.83235E+8 154796 3.94683E+6 3334.29 2.64623E+6 2730.21 3.83785 0.0411048
4789 1.83641E+8 154874 1.83641E+8 154874 3.96462E+6 3343.61 2.65992E+6 2738.75 3.83557 0.0410697
4790 1.8373E+8 154832 1.8373E+8 154832 3.97559E+6 3350.33 2.6681E+6 2744.7 3.83329 0.0410542
4791 1.83697E+8 154729 1.83697E+8 154729 3.98396E+6 3355.74 2.67305E+6 2748.73 3.83101 0.0410441
4792 1.83993E+8 154764 1.83993E+8 154764 3.9995E+6 3364.16 2.68669E+6 2757.32 3.82873 0.0410157
4793 1.83833E+8 154608 1.83833E+8 154608 4.00514E+6 3368.47 2.68872E+6 2759.97 3.82645 0.041013
4794 1.84469E+8 154795 1.84469E+8 154795 4.02819E+6 3380.22 2.70261E+6 2768.81 3.82416 0.0409668
4795 1.84438E+8 154687 1.84438E+8 154687 4.03671E+6 3385.6 2.71312E+6 2775.63 3.82188 0.0409561
4796 1.84686E+8 154709 1.84686E+8 154709 4.05138E+6 3393.81 2.72079E+6 2781.24 3.8196 0.0409314
4797 1.8482E+8 154676 1.8482E+8 154676 4.06359E+6 3400.85 2.73044E+6 2787.76 3.81732 0.0409122
4798 1.84675E+8 154529 1.84675E+8 154529 4.06968E+6 3405.36 2.73492E+6 2791.6 3.81504 0.0409087
4799 1.84981E+8 154570 1.84981E+8 154570 4.08573E+6 3414.05 2.74857E+6 2800.22 3.81275 0.0408803
4800 1.85172E+8 154556 1.85172E+8 154556 4.09928E+6 3421.54 2.75418E+6 2804.62 3.81047 0.0408575
4801 1.85162E+8 154465 1.85162E+8 154465 4.10844E+6 3427.33 2.7617E+6 2810.06 3.80819 0.0408464
4802 1.85711E+8 154610 1.85711E+8 154610 4.13001E+6 3438.39 2.77559E+6 2818.74 3.80591 0.0408052
4803 1.85804E+8 154555 1.85804E+8 154555 4.14154E+6 3445.03 2.78457E+6 2824.79 3.80363 0.0407878
4804 1.85692E+8 154423 1.85692E+8 154423 4.14848E+6 3449.94 2.78933E+6 2828.9 3.80135 0.0407827
4805 1.85917E+8 154428 1.85917E+8 154428 4.16301E+6 3457.95 2.80103E+6 2836.5 3.79906 0.0407587
4806 1.85931E+8 154341 1.85931E+8 154341 4.17283E+6 3463.88 2.80939E+6 2842.22 3.79678 0.0407456
4807 1.85851E+8 154218 1.85851E+8 154218 4.18057E+6 3469.02 2.81529E+6 2846.78 3.7945 0.040738
4808 1.86374E+8 154345 1.86374E+8 154345 4.20192E+6 3479.83 2.82794E+6 2854.77 3.79222 0.0406977
4809 1.8604E+8 154117 1.8604E+8 154117 4.20397E+6 3482.62 2.82886E+6 2856.86 3.78993 0.0407041
4810 1.86661E+8 154283 1.86661E+8 154283 4.22763E+6 3494.34 2.84818E+6 2868.16 3.78765 0.0406582
4811 1.8673E+8 154225 1.8673E+8 154225 4.23884E+6 3500.99 2.85442E+6 2872.96 3.78537 0.040643
4812 1.8682E+8 154172 1.8682E+8 154172 4.25059E+6 3507.78 2.86008E+6 2877.39 3.78309 0.0406262
4813 1.86821E+8 154083 1.86821E+8 154083 4.26033E+6 3513.78 2.86653E+6 2882.23 3.78081 0.0406144
4814 1.87184E+8 154139 1.87183E+8 154139 4.27832E+6 3523.07 2.882E+6 2891.51 3.77853 0.0405825
4815 1.87235E+8 154075 1.87235E+8 154075 4.28929E+6 3529.67 2.89149E+6 2898.04 3.77624 0.0405685
4816 1.87426E+8 154056 1.87425E+8 154056 4.30346E+6 3537.3 2.90183E+6 2904.67 3.77396 0.0405454
4817 1.87389E+8 153950 1.87389E+8 153950 4.31244E+6 3542.93 2.90545E+6 2908.07 3.77168 0.0405354
4818 1.87623E+8 153958 1.87623E+8 153957 4.32771E+6 3551.2 2.91817E+6 2916.06 3.7694 0.040511
4819 1.8788E+8 153977 1.8788E+8 153977 4.34352E+6 3559.76 2.92854E+6 2923.03 3.76712 0.0404859
4820 1.87903E+8 153898 1.87903E+8 153898 4.35399E+6 3566.07 2.93693E+6 2928.8 3.76483 0.040473
4821 1.88139E+8 153894 1.88139E+8 153894 4.36941E+6 3574.11 2.94262E+6 2933.12 3.76255 0.040447
4822 1.8822E+8 153841 1.8822E+8 153841 4.38128E+6 3581.06 2.95545E+6 2941.21 3.76027 0.0404315
4823 1.88184E+8 153736 1.88184E+8 153736 4.39045E+6 3586.78 2.96138E+6 2945.8 3.75799 0.0404215
4824 1.88359E+8 153716 1.88359E+8 153716 4.40458E+6 3594.5 2.97246E+6 2952.9 3.75571 0.0404
4825 1.88514E+8 153685 1.88514E+8 153685 4.41827E+6 3601.99 2.98261E+6 2959.47 3.75342 0.0403794
4826 1.88853E+8 153729 1.88853E+8 153729 4.43633E+6 3611.25 2.99333E+6 2966.37 3.75114 0.0403489
4827 1.88595E+8 153534 1.88595E+8 153534 4.44038E+6 3614.91 2.99906E+6 2970.92 3.74886 0.0403509
4828 1.88655E+8 153470 1.88655E+8 153470 4.45195E+6 3621.65 3.00702E+6 2976.49 3.74658 0.040336
4829 1.89076E+8 153540 1.89076E+8 153540 4.47207E+6 3631.59 3.01757E+6 2983.16 3.7443 0.0403004
4830 1.8875E+8 153320 1.8875E+8 153320 4.47456E+6 3634.69 3.02004E+6 2986.06 3.74201 0.0403063
4831 1.89064E+8 153351 1.89064E+8 153351 4.49224E+6 3643.71 3.02896E+6 2991.97 3.73973 0.0402768
4832 1.89476E+8 153429 1.89476E+8 153429 4.51232E+6 3653.9 3.04554E+6 3001.85 3.73745 0.0402432
4833 1.89511E+8 153346 1.89511E+8 153346 4.52345E+6 3660.27 3.05247E+6 3006.78 3.73517 0.0402287
4834 1.89616E+8 153300 1.89616E+8 153300 4.5363E+6 3667.51 3.06344E+6 3013.86 3.73289 0.0402114
4835 1.89744E+8 153262 1.89744E+8 153262 4.54974E+6 3674.98 3.07574E+6 3021.63 3.73061 0.0401928
4836 1.89862E+8 153218 1.89862E+8 153218 4.56297E+6 3682.33 3.08584E+6 3028.18 3.72832 0.0401746
4837 1.8977E+8 153082 1.8977E+8 153082 4.57118E+6 3687.46 3.09098E+6 3032.27 3.72604 0.0401665
4838 1.8996E+8 153068 1.8996E+8 153068 4.58619E+6 3695.54 3.1022E+6 3039.36 3.72376 0.0401446
4839 1.89971E+8 152974 1.89971E+8 152974 4.59694E+6 3701.71 3.10729E+6 3043.39 3.72148 0.0401311
4840 1.90127E+8 152946 1.90127E+8 152946 4.61122E+6 3709.48 3.11854E+6 3050.6 3.7192 0.0401109
4841 1.90157E+8 152866 1.90157E+8 152866 4.62251E+6 3716.01 3.12632E+6 3056.06 3.71691 0.0400972
4842 1.90392E+8 152861 1.90392E+8 152861 4.63878E+6 3724.4 3.13959E+6 3064 3.71463 0.0400719
4843 1.90325E+8 152739 1.90325E+8 152739 4.64775E+6 3729.93 3.14506E+6 3068.24 3.71235 0.040063
4844 1.90691E+8 152792 1.90691E+8 152792 4.66732E+6 3739.74 3.15917E+6 3076.79 3.71007 0.0400315
4845 1.90568E+8 152650 1.90568E+8 152650 4.67497E+6 3744.81 3.16501E+6 3081.27 3.70779 0.0400258
4846 1.90651E+8 152594 1.90651E+8 152594 4.6877E+6 3751.96 3.17138E+6 3086.08 3.70551 0.0400096
4847 1.91109E+8 152684 1.91109E+8 152684 4.70968E+6 3762.76 3.18943E+6 3096.47 3.70322 0.0399735
4848 1.9095E+8 152522 1.9095E+8 152522 4.7165E+6 3767.35 3.19359E+6 3099.95 3.70094 0.0399689
4849 1.91085E+8 152480 1.91084E+8 152480 4.73062E+6 3774.93 3.20266E+6 3106.04 3.69866 0.0399494
4850 1.91188E+8 152427 1.91188E+8 152427 4.74399E+6 3782.23 3.21232E+6 3112.41 3.69638 0.0399316
4851 1.91351E+8 152399 1.91351E+8 152399 4.75889E+6 3790.18 3.22104E+6 3118.29 3.6941 0.0399109
4852 1.9137E+8 152306 1.9137E+8 152306 4.77025E+6 3796.51 3.22821E+6 3123.24 3.69181 0.0398966
4853 1.91215E+8 152151 1.91215E+8 152151 4.77725E+6 3801.32 3.23898E+6 3130.06 3.68953 0.0398926
4854 1.91797E+8 152287 1.91797E+8 152287 4.80274E+6 3813.41 3.25438E+6 3139.14 3.68725 0.0398499
4855 1.91648E+8 152131 1.91648E+8 152131 4.80998E+6 3818.21 3.25872E+6 3142.77 3.68497 0.0398449
4856 1.91582E+8 152009 1.91582E+8 152009 4.81931E+6 3823.85 3.26748E+6 3148.6 3.68269 0.0398357
4857 1.91731E+8 151973 1.91731E+8 151973 4.83406E+6 3831.69 3.27768E+6 3155.17 3.68041 0.0398156
4858 1.91568E+8 151812 1.91568E+8 151812 4.841E+6 3836.37 3.28202E+6 3158.85 3.67812 0.0398114
4859 1.91852E+8 151826 1.91852E+8 151826 4.85925E+6 3845.49 3.29865E+6 3168.45 3.67584 0.0397837
4860 1.92105E+8 151832 1.92105E+8 151832 4.87679E+6 3854.42 3.30809E+6 3174.62 3.67356 0.0397582
4861 1.92134E+8 151744 1.92134E+8 151744 4.88866E+6 3860.99 3.31485E+6 3179.42 3.67128 0.0397438
4862 1.92315E+8 151722 1.92315E+8 151722 4.90444E+6 3869.25 3.3252E+6 3185.98 3.66899 0.0397222
4863 1.92411E+8 151663 1.92411E+8 151663 4.91809E+6 3876.6 3.33855E+6 3193.98 3.66671 0.0397047
4864 1.92357E+8 151545 1.92357E+8 151545 4.92794E+6 3882.42 3.34328E+6 3197.86 3.66443 0.0396947
4865 1.92616E+8 151548 1.92616E+8 151548 4.94586E+6 3891.36 3.35664E+6 3205.77 3.66215 0.0396684
4866 1.92628E+8 151458 1.92628E+8 151458 4.95744E+6 3897.93 3.36851E+6 3213.06 3.65987 0.0396554
4867 1.92609E+8 151351 1.92609E+8 151351 4.96801E+6 3903.85 3.37489E+6 3217.65 3.65764 0.0396433
4868 1.92714E+8 151296 1.92714E+8 151296 4.98112E+6 3910.6 3.383E+6 3222.76 3.65555 0.0396253
4869 1.92559E+8 151136 1.92559E+8 151136 4.98715E+6 3914.34 3.38669E+6 3225.72 3.65354 0.0396203
4870 1.9257E+8 151042 1.9257E+8 151042 4.99748E+6 3919.78 3.39812E+6 3232.27 3.65152 0.0396068
4871 1.92725E+8 151008 1.92725E+8 151008 5.0116E+6 3926.81 3.40303E+6 3235.76 3.64951 0.0395864
4872 1.92899E+8 150972 1.92899E+8 150972 5.02624E+6 3933.78 3.41263E+6 3241.43 3.6475 0.0395638
4873 1.92901E+8 150878 1.92901E+8 150878 5.0364E+6 3939.27 3.42281E+6 3247.49 3.64548 0.0395514
4874 1.93028E+8 150826 1.93028E+8 150826 5.04988E+6 3945.86 3.43255E+6 3253.23 3.64347 0.0395316
4875 1.93103E+8 150757 1.93103E+8 150757 5.06205E+6 3951.99 3.44266E+6 3259.15 3.64145 0.0395148
4876 1.93046E+8 150640 1.93046E+8 150640 5.07075E+6 3956.89 3.44614E+6 3262.02 3.63944 0.0395053
4877 1.93279E+8 150636 1.93279E+8 150636 5.08712E+6 3964.77 3.45672E+6 3268.28 3.63742 0.039481
4878 1.93187E+8 150501 1.93187E+8 150501 5.09493E+6 3969.19 3.46303E+6 3272.33 3.63541 0.0394727
4879 1.92892E+8 150280 1.92892E+8 150280 5.09742E+6 3971.37 3.46847E+6 3275.98 3.6334 0.0394738
4880 1.93542E+8 150437 1.93542E+8 150437 5.1249E+6 3983.53 3.48389E+6 3284.39 3.63138 0.0394281
4881 1.93249E+8 150227 1.93249E+8 150227 5.12746E+6 3985.99 3.49023E+6 3288.62 3.62937 0.0394305
4882 1.93311E+8 150149 1.93311E+8 150149 5.13944E+6 3991.96 3.49821E+6 3293.4 3.62735 0.0394139
4883 1.93559E+8 150146 1.93559E+8 150146 5.15642E+6 3999.92 3.50865E+6 3299.6 3.62534 0.0393882
4884 1.93646E+8 150081 1.93646E+8 150081 5.16914E+6 4006.24 3.51987E+6 3305.99 3.62333 0.0393708
4885 1.93626E+8 149970 1.93626E+8 149970 5.17904E+6 4011.37 3.5259E+6 3309.88 3.62131 0.0393583
4886 1.93804E+8 149947 1.93804E+8 149947 5.19425E+6 4018.83 3.5354E+6 3315.6 3.6193 0.0393372
4887 1.9398E+8 149909 1.93979E+8 149909 5.20942E+6 4025.92 3.5442E+6 3320.7 3.61728 0.0393144
4888 1.94102E+8 149857 1.94102E+8 149857 5.22324E+6 4032.62 3.55487E+6 3326.84 3.61527 0.0392951
4889 1.94069E+8 149748 1.94069E+8 149748 5.23286E+6 4037.83 3.56398E+6 3332.37 3.61325 0.0392843
4890 1.939E+8 149578 1.939E+8 149577 5.23886E+6 4041.35 3.57182E+6 3337.02 3.61124 0.0392789
4891 1.93815E+8 149447 1.93815E+8 149447 5.2471E+6 4045.97 3.5742E+6 3339.21 3.60923 0.0392705
4892 1.94063E+8 149456 1.94063E+8 149456 5.26441E+6 4054.37 3.5833E+6 3345.02 3.60721 0.0392465
4893 1.94076E+8 149379 1.94076E+8 149379 5.27537E+6 4060.45 3.59531E+6 3352.13 3.6052 0.0392351
4894 1.94278E+8 149380 1.94278E+8 149380 5.29153E+6 4068.65 3.60669E+6 3359.06 3.60318 0.0392147
4895 1.94249E+8 149289 1.94249E+8 149289 5.3014E+6 4074.37 3.617E+6 3365.48 3.60117 0.0392057
4896 1.94653E+8 149369 1.94653E+8 149369 5.32314E+6 4084.79 3.6278E+6 3372.25 3.59916 0.0391756
4897 1.94589E+8 149258 1.94589E+8 149258 5.33213E+6 4089.99 3.63467E+6 3376.82 3.59714 0.0391675
4898 1.94545E+8 149169 1.94545E+8 149169 5.34165E+6 4095.79 3.64349E+6 3382.67 3.59513 0.0391603
4899 1.94704E+8 149144 1.94704E+8 149144 5.3568E+6 4103.35 3.65775E+6 3390.75 3.59311 0.0391409
4900 1.94947E+8 149160 1.94947E+8 149160 5.3743E+6 4112.08 3.6656E+6 3396.08 3.5911 0.0391187
4901 1.94905E+8 149061 1.94905E+8 149061 5.38398E+6 4117.62 3.67231E+6 3400.72 3.58908 0.0391098
4902 1.95255E+8 149119 1.95255E+8 149119 5.40452E+6 4127.54 3.68589E+6 3408.66 3.58707 0.0390824
4903 1.95183E+8 149012 1.95183E+8 149012 5.41342E+6 4132.9 3.69947E+6 3416.6 3.58506 0.0390756
4904 1.95361E+8 148998 1.95361E+8 148998 5.4293E+6 4140.84 3.70463E+6 3420.55 3.58304 0.0390559
4905 1.95327E+8 148908 1.95327E+8 148908 5.43928E+6 4146.67 3.71668E+6 3427.68 3.58103 0.0390475
4906 1.95529E+8 148900 1.95529E+8 148900 5.45588E+6 4154.79 3.72364E+6 3432.46 3.57901 0.0390262
4907 1.95461E+8 148798 1.95461E+8 148798 5.46498E+6 4160.32 3.73003E+6 3437.08 3.577 0.0390197
4908 1.95765E+8 148827 1.95765E+8 148827 5.4845E+6 4169.52 3.74428E+6 3445.03 3.57499 0.0389932
4909 1.95655E+8 148709 1.95655E+8 148709 5.49249E+6 4174.62 3.75414E+6 3451.34 3.57297 0.0389887
4910 1.95759E+8 148667 1.95759E+8 148667 5.50649E+6 4181.87 3.76288E+6 3456.93 3.57096 0.0389729
4911 1.95804E+8 148601 1.95804E+8 148601 5.51886E+6 4188.44 3.77235E+6 3462.89 3.56894 0.0389597
4912 1.957E+8 148480 1.957E+8 148480 5.52705E+6 4193.45 3.7762E+6 3466.22 3.56693 0.0389541
4913 1.96103E+8 148556 1.96103E+8 148556 5.54961E+6 4204.06 3.79439E+6 3476.19 3.56491 0.038924
4914 1.96244E+8 148526 1.96244E+8 148526 5.56478E+6 4211.69 3.80198E+6 3481.33 3.5629 0.0389062
4915 1.96314E+8 148474 1.96314E+8 148474 5.57801E+6 4218.72 3.81599E+6 3489.38 3.56088 0.0388925
4916 1.96284E+8 148380 1.96284E+8 148380 5.58838E+6 4224.52 3.81956E+6 3492.51 3.55887 0.0388831
4917 1.96407E+8 148346 1.96407E+8 148346 5.60316E+6 4232.07 3.83492E+6 3501.16 3.55686 0.0388664
4918 1.96398E+8 148253 1.96398E+8 148253 5.61419E+6 4237.97 3.84116E+6 3505.49 3.55484 0.0388553
4919 1.96393E+8 148175 1.96393E+8 148175 5.62537E+6 4244.28 3.84851E+6 3510.55 3.55283 0.0388455
4920 1.96783E+8 148242 1.96783E+8 148242 5.64791E+6 4254.75 3.866E+6 3520.18 3.55082 0.0388157
4921 1.9652E+8 148059 1.9652E+8 148059 5.65174E+6 4258.06 3.87055E+6 3523.74 3.5488 0.0388177
4922 1.96708E+8 148046 1.96708E+8 148046 5.66857E+6 4266.27 3.87849E+6 3528.99 3.54679 0.0387973
4923 1.96957E+8 148058 1.96957E+8 148058 5.68718E+6 4275.23 3.89142E+6 3536.43 3.54477 0.0387745
4924 1.97122E+8 148044 1.97122E+8 148044 5.70342E+6 4283.44 3.9058E+6 3544.74 3.54276 0.0387564
4925 1.97037E+8 147924 1.97037E+8 147924 5.71245E+6 4288.61 3.91343E+6 3549.67 3.54074 0.0387491
4926 1.96992E+8 147828 1.96992E+8 147828 5.72264E+6 4294.46 3.91942E+6 3554.06 3.53873 0.038741
4927 1.96974E+8 147737 1.96974E+8 147737 5.73366E+6 4300.48 3.92773E+6 3559.36 3.53672 0.0387308
4928 1.97514E+8 147861 1.97514E+8 147861 5.76096E+6 4312.73 3.94045E+6 3566.84 3.5347 0.038694
4929 1.9767E+8 147832 1.9767E+8 147832 5.77717E+6 4320.59 3.95614E+6 3575.41 3.53269 0.0386748
4930 1.97406E+8 147648 1.97406E+8 147648 5.78109E+6 4323.91 3.95936E+6 3578.47 3.53067 0.0386766
4931 1.9769E+8 147674 1.9769E+8 147674 5.80105E+6 4333.4 3.97009E+6 3584.95 3.52866 0.0386523
4932 1.97702E+8 147598 1.97702E+8 147598 5.81311E+6 4339.9 3.98331E+6 3592.55 3.52665 0.0386412
4933 1.97599E+8 147472 1.97599E+8 147472 5.8218E+6 4344.95 3.98503E+6 3594.78 3.52463 0.0386348
4934 1.976E+8 147393 1.976E+8 147393 5.83355E+6 4351.35 3.99638E+6 3601.59 3.52262 0.0386243
4935 1.97643E+8 147323 1.97643E+8 147323 5.84661E+6 4358.07 4.00796E+6 3608.31 3.5206 0.0386109
4936 1.97724E+8 147267 1.97724E+8 147267 5.86078E+6 4365.21 4.01992E+6 3615.27 3.51859 0.0385957
4937 1.97792E+8 147214 1.97792E+8 147214 5.87463E+6 4372.42 4.02813E+6 3620.66 3.51657 0.0385821
4938 1.98048E+8 147223 1.98048E+8 147223 5.89409E+6 4381.5 4.04408E+6 3629.34 3.51456 0.0385583
4939 1.97966E+8 147103 1.97966E+8 147103 5.90352E+6 4386.77 4.05446E+6 3635.45 3.51255 0.0385507
4940 1.98058E+8 147056 1.98058E+8 147056 5.91817E+6 4394.19 4.05923E+6 3639.28 3.51053 0.0385355
4941 1.98066E+8 146981 1.98066E+8 146981 5.93035E+6 4400.8 4.0681E+6 3644.99 3.50852 0.0385248
4942 1.98298E+8 146981 1.98298E+8 146981 5.94904E+6 4409.53 4.08404E+6 3653.6 3.50654 0.0385024
4943 1.98369E+8 146924 1.98369E+8 146924 5.9628E+6 4416.45 4.09155E+6 3658.39 3.50459 0.0384881
4944 1.98227E+8 146785 1.98227E+8 146785 5.97013E+6 4420.83 4.09783E+6 3662.56 3.50264 0.0384835
4945 1.98265E+8 146712 1.98265E+8 146712 5.98289E+6 4427.25 4.1099E+6 3669.39 3.5007 0.0384704
4946 1.9868E+8 146783 1.9868E+8 146783 6.00708E+6 4438.01 4.12742E+6 3678.77 3.49876 0.0384394
4947 1.98187E+8 146516 1.98187E+8 146516 6.00386E+6 4438.55 4.12474E+6 3679 3.49681 0.0384521
4948 1.98547E+8 146565 1.98547E+8 146565 6.02647E+6 4448.69 4.14007E+6 3687.26 3.49487 0.0384237
4949 1.98369E+8 146417 1.98369E+8 146417 6.03278E+6 4452.85 4.14567E+6 3691.36 3.49292 0.0384215
4950 1.9839E+8 146340 1.9839E+8 146340 6.04515E+6 4459.14 4.15224E+6 3695.61 3.49098 0.0384093
4951 1.98633E+8 146339 1.98633E+8 146339 6.06433E+6 4467.81 4.169E+6 3704.43 3.48903 0.0383858
4952 1.98735E+8 146295 1.98735E+8 146295 6.07929E+6 4475.16 4.18175E+6 3711.61 3.48709 0.0383701
4953 1.98689E+8 146190 1.98689E+8 146190 6.08969E+6 4480.65 4.18755E+6 3715.59 3.48514 0.0383608
4954 1.9882E+8 146154 1.9882E+8 146154 6.10554E+6 4488.23 4.1971E+6 3721.29 3.48321 0.0383434
4955 1.99046E+8 146151 1.99046E+8 146151 6.12428E+6 4496.83 4.21068E+6 3728.66 3.48127 0.0383213
4956 1.99067E+8 146078 1.99067E+8 146078 6.13679E+6 4503.28 4.22011E+6 3734.42 3.47934 0.0383097
4957 1.98811E+8 145900 1.98811E+8 145900 6.14074E+6 4506.46 4.22406E+6 3737.6 3.47741 0.0383109
4958 1.98993E+8 145878 1.98993E+8 145878 6.15823E+6 4514.49 4.23986E+6 3745.97 3.47548 0.0382905
4959 1.99005E+8 145793 1.99005E+8 145793 6.17051E+6 4520.6 4.24473E+6 3749.48 3.47355 0.0382783
4960 1.99217E+8 145785 1.99217E+8 145785 6.18903E+6 4529.09 4.25782E+6 3756.61 3.47162 0.0382568
4961 1.99166E+8 145680 1.99166E+8 145680 5.80227E+6 4277.55 3.99241E+6 3548.21 3.53589 0.0383232
4962 1.99132E+8 145582 1.99132E+8 145582 3.87889E+6 3093.83 2.66969E+6 2566.78 3.93842 0.0390985
4963 1.99128E+8 145494 1.99128E+8 145494 1.64082E+6 1352.73 1.12986E+6 1122.58 4.79875 0.0394345
4964 1.993E+8 145475 1.993E+8 145475 642309 529.157 442268 439.171 5.7375 0.0394179
4965 1.99309E+8 145385 1.99309E+8 145385 251256 206.835 173063 171.673 6.67614 0.0394037
4966 1.99338E+8 145307 1.99338E+8 145307 98274.4 80.8457 67695.2 67.0912 7.61499 0.0393904
4967 1.99327E+8 145219 1.99327E+8 145219 38457.3 31.6164 26489.4 26.2351 8.55315 0.0393785
4968 1.99634E+8 145242 1.99634E+8 145242 15060.6 12.3635 10371.7 10.2608 9.49216 0.0393505
4969 1.99471E+8 145098 1.99471E+8 145098 5879.36 4.82647 4051.52 4.00642 10.432 0.0393489
4970 1.99419E+8 144991 1.99419E+8 144991 2300.49 1.8877 1585.57 1.56721 11.37 0.03934
4971 1.99358E+8 144881 1.99358E+8 144881 899.391 0.737653 620.62 0.61282 12.3089 0.0393308
4972 1.99697E+8 144916 1.99697E+8 144916 352.211 0.288438 242.772 0.239478 13.2481 0.0393016
4973 1.99673E+8 144818 1.99673E+8 144818 137.855 0.112837 95.0472 0.0937156 14.186 0.0392911
4974 1.99787E+8 144774 1.99787E+8 144774 53.9035 0.0440844 37.1545 0.0366082 15.1256 0.0392745
4975 1.99593E+8 144616 1.99593E+8 144616 21.0713 0.0172285 14.5234 0.0143043 16.0639 0.0392707
4976 1.99572E+8 144522 1.99572E+8 144522 8.23914 0.00673297 5.68137 0.00559141 17.0028 0.0392601
4977 1.99717E+8 144487 1.99717E+8 144487 3.22368 0.0026324 2.22286 0.00218583 17.9419 0.0392433
4978 1.9966E+8 144375 1.9966E+8 144375 1.2595 0.0010279 0.868998 0.000853889 18.8814 0.039233
4979 1.99902E+8 144377 1.99902E+8 144377 0.493427 0.000402261 0.340279 0.000334088 19.8197 0.0392107
4980 1.99961E+8 144309 1.99961E+8 144309 0.193333 0.000157456 0.133435 0.00013084 20.757 0.0391933
4981 1.99937E+8 144210 1.99937E+8 144210 0.0755355 0.0000614859 0.0521217 0.000051063 21.6967 0.0391826
4982 2.0001E+8 144150 2.0001E+8 144150 0.0295489 0.0000240348 0.020403 0.0000199721 22.6356 0.0391677
4983 1.99974E+8 144052 1.99974E+8 144052 0.0115541 0.00000939344 0.00797271 0.000007804 23.5744 0.0391581
4984 1.99962E+8 143952 1.99962E+8 143952 0.00452206 0.0000036739 0.00312402 0.00000305387 24.5124 0.0391451
4985 2.00132E+8 143931 2.00132E+8 143931 0.00176916 0.00000143603 0.00122155 0.00000119313 25.4517 0.0391265
4986 2.00167E+8 143854 2.00167E+8 143854 0.000692222 5.61443E-7 0.000478408 4.66794E-7 26.3903 0.0391119
4987 1.99898E+8 143669 1.99898E+8 143669 0.000270234 2.19199E-7 0.000186719 1.82215E-7 27.3295 0.0391134
4988 2.00051E+8 143630 2.00051E+8 143630 0.000105756 8.57178E-8 0.0000730625 7.12489E-8 28.2685 0.0390959
4989 1.99969E+8 143513 1.99969E+8 143513 0.0000413645 3.35052E-8 0.0000285604 2.78395E-8 29.2068 0.0390855
4990 1.99908E+8 143399 1.99908E+8 143399 0.0000161834 1.31017E-8 0.0000111855 1.08919E-8 30.1449 0.0390756
4991 1.99983E+8 143338 1.99983E+8 143338 0.00000683141 5.30071E-9 0.00000471894 4.4052E-9 31.0077 0.0386353
4992 2.00225E+8 143340 2.00225E+8 143340 0.00000455147 3.26069E-9 0.00000314478 2.71037E-9 31.415 0.0378457
4993 2.00212E+8 143244 2.00212E+8 143244 0.00000456942 3.2695E-9 0.00000315466 2.71663E-9 31.411 0.0378283
4994 2.00184E+8 143149 2.00184E+8 143149 0.0000046492 3.32485E-9 0.00000321145 2.7634E-9 31.3936 0.0378184
4995 2.00144E+8 143034 2.00144E+8 143034 0.00000473016 3.38072E-9 0.0000032716 2.81157E-9 31.3761 0.037807
4996 2.00048E+8 142916 2.00048E+8 142916 0.00000481103 3.43731E-9 0.00000332822 2.85895E-9 31.3587 0.0378004
4997 1.99972E+8 142796 1.99972E+8 142796 0.00000489391 3.49492E-9 0.00000338423 2.90632E-9 31.3412 0.0377918
4998 2.00312E+8 142825 2.00312E+8 142825 0.00000498851 3.55714E-9 0.0000034525 2.95929E-9 31.3238 0.0377634
4999 1.99861E+8 142579 1.99861E+8 142579 0.00000506481 3.61348E-9 0.00000350142 3.00444E-9 31.3063 0.0377736
5000 2.00067E+8 142564 2.00067E+8 142564 0.00000515928 3.67669E-9 0.00000356808 3.05766E-9 31.2889 0.037752
5001 2.00099E+8 142488 2.00099E+8 142488 0.00000525098 3.73947E-9 0.00000363458 3.11117E-9 31.2714 0.037739
5002 2.00185E+8 142451 2.00185E+8 142451 0.00000534571 3.80428E-9 0.00000370055 3.16519E-9 31.254 0.0377259
5003 1.99997E+8 142311 1.99997E+8 142311 0.00000543474 3.86749E-9 0.00000376297 3.21818E-9 31.2365 0.0377252
5004 2.00609E+8 142452 2.00609E+8 142452 0.00000554727 3.93944E-9 0.00000384109 3.27811E-9 31.2191 0.0376863
5005 2.00572E+8 142372 2.00572E+8 142372 0.00000564395 4.00657E-9 0.00000390439 3.33242E-9 31.2016 0.0376791
5006 2.00403E+8 142237 2.00403E+8 142236 0.00000573856 4.07328E-9 0.00000397442 3.38983E-9 31.1841 0.0376771
5007 2.00549E+8 142216 2.00549E+8 142216 0.0000058438 4.14437E-9 0.00000404694 3.44885E-9 31.1667 0.0376607
5008 2.00404E+8 142091 2.00404E+8 142091 0.00000594232 4.21359E-9 0.00000411429 3.50608E-9 31.1493 0.0376577
5009 2.00743E+8 142144 2.00743E+8 142144 0.00000605705 4.28927E-9 0.00000420119 3.57227E-9 31.1318 0.0376329
5010 2.00859E+8 142109 2.00859E+8 142109 0.00000616733 4.36377E-9 0.00000427626 3.63371E-9 31.1144 0.0376174
5011 2.00701E+8 141981 2.00701E+8 141981 0.00000627102 4.43663E-9 0.00000434629 3.69358E-9 31.0969 0.0376152
5012 2.00723E+8 141918 2.00723E+8 141918 0.00000638208 4.51272E-9 0.00000442382 3.75719E-9 31.0795 0.0376049
5013 2.00809E+8 141872 2.00809E+8 141872 0.00000649721 4.59065E-9 0.0000045056 3.82289E-9 31.062 0.0375907
5014 2.00809E+8 141799 2.00809E+8 141799 0.00000661147 4.66898E-9 0.00000458167 3.88681E-9 31.0446 0.037581
5015 2.0095E+8 141778 2.0095E+8 141778 0.00000673268 4.75054E-9 0.00000467053 3.95664E-9 31.0271 0.037565
5016 2.01097E+8 141755 2.01097E+8 141755 0.00000685607 4.83328E-9 0.00000475704 4.02596E-9 31.0097 0.0375482
5017 2.01196E+8 141716 2.01196E+8 141716 0.00000698023 4.91705E-9 0.00000484248 4.09548E-9 30.9922 0.0375339
5018 2.01064E+8 141595 2.01064E+8 141595 0.00000709856 4.9994E-9 0.0000049234 4.16355E-9 30.9748 0.0375301
5019 2.00936E+8 141476 2.00936E+8 141476 0.00000721886 5.08311E-9 0.00000500856 4.23409E-9 30.9573 0.0375264
5020 2.01192E+8 141495 2.01192E+8 141495 0.00000735525 5.17327E-9 0.00000510213 4.30863E-9 30.9399 0.0375051
5021 2.0125E+8 141442 2.01249E+8 141442 0.00000748708 5.26249E-9 0.00000519712 4.38453E-9 30.9224 0.0374926
5022 2.01401E+8 141422 2.01401E+8 141422 0.00000762458 5.35436E-9 0.00000528838 4.45921E-9 30.9049 0.0374759
5023 2.01482E+8 141375 2.01482E+8 141375 0.00000776178 5.44667E-9 0.0000053885 4.53808E-9 30.8875 0.037462
5024 2.01222E+8 141210 2.01222E+8 141210 0.00000788818 5.53608E-9 0.00000548005 4.61439E-9 30.8701 0.0374644
5025 2.01467E+8 141221 2.01467E+8 141221 0.00000803694 5.63405E-9 0.00000557755 4.69353E-9 30.8526 0.0374431
5026 2.01603E+8 141193 2.01603E+8 141193 0.00000818394 5.73209E-9 0.00000568317 4.77669E-9 30.8351 0.0374267
5027 2.01477E+8 141076 2.01477E+8 141076 0.00000832285 5.82821E-9 0.00000578524 4.85914E-9 30.8177 0.0374229
5028 2.01339E+8 140953 2.01339E+8 140953 0.00000846344 5.92551E-9 0.00000587646 4.93775E-9 30.8003 0.0374193
5029 2.01649E+8 140985 2.01649E+8 140985 0.00000862567 6.03122E-9 0.00000599778 5.02926E-9 30.7828 0.0373949
5030 2.01534E+8 140874 2.01534E+8 140874 0.00000877259 6.13259E-9 0.00000609587 5.11217E-9 30.7653 0.0373908
5031 2.01746E+8 140876 2.01746E+8 140876 0.00000893631 6.24062E-9 0.00000621088 5.2027E-9 30.7479 0.0373715
5032 2.01802E+8 140817 2.01802E+8 140817 0.00000909612 6.34773E-9 0.00000632341 5.29262E-9 30.7305 0.0373583
5033 2.02018E+8 140816 2.02018E+8 140816 0.00000926615 6.45943E-9 0.00000644069 5.38525E-9 30.713 0.0373383
5034 2.01791E+8 140669 2.01791E+8 140669 0.00000941866 6.56629E-9 0.00000655385 5.47742E-9 30.6956 0.0373398
5035 2.01699E+8 140557 2.01699E+8 140557 0.00000957996 6.67646E-9 0.00000666343 5.56812E-9 30.6781 0.0373334
5036 2.01953E+8 140574 2.01953E+8 140574 0.00000976107 6.79495E-9 0.00000678687 5.66598E-9 30.6607 0.0373122
5037 2.02015E+8 140517 2.02015E+8 140517 0.00000993583 6.91168E-9 0.00000690702 5.7627E-9 30.6432 0.0372989
5038 2.02026E+8 140453 2.02026E+8 140453 0.0000101113 7.03011E-9 0.00000703136 5.86259E-9 30.6258 0.0372894
5039 2.0183E+8 140307 2.0183E+8 140307 0.0000102794 7.14653E-9 0.0000071496 5.96011E-9 30.6083 0.0372881
5040 2.01853E+8 140235 2.01853E+8 140235 0.0000104618 7.26874E-9 0.00000728897 6.06727E-9 30.5908 0.0372764
5041 2.01938E+8 140191 2.01938E+8 140191 0.0000106501 7.39416E-9 0.00000740899 6.16734E-9 30.5734 0.0372627
5042 2.01904E+8 140100 2.01904E+8 140100 0.0000108359 7.51957E-9 0.00000754289 6.27379E-9 30.5559 0.0372538
5043 2.01985E+8 140052 2.01985E+8 140052 0.000011031 7.64926E-9 0.00000767774 6.38152E-9 30.5385 0.0372399
5044 2.02303E+8 140091 2.02303E+8 140091 0.0000112429 7.78604E-9 0.00000782778 6.49682E-9 30.5211 0.0372157
5045 2.02099E+8 139948 2.02099E+8 139948 0.0000114293 7.91509E-9 0.00000796383 6.60706E-9 30.5036 0.0372155
5046 2.02315E+8 139937 2.02315E+8 139937 0.0000116428 8.05371E-9 0.00000810404 6.71936E-9 30.4862 0.0371942
5047 2.02168E+8 139818 2.02168E+8 139817 0.0000118392 8.18854E-9 0.00000824913 6.8352E-9 30.4687 0.0371919
5048 2.02083E+8 139715 2.02083E+8 139715 0.0000120426 8.32658E-9 0.00000839284 6.95129E-9 30.4513 0.0371861
5049 2.02294E+8 139710 2.02293E+8 139710 0.0000122674 8.47292E-9 0.00000854623 7.07204E-9 30.4338 0.037166
5050 2.02292E+8 139631 2.02292E+8 139631 0.0000124832 8.61713E-9 0.00000869948 7.19355E-9 30.4163 0.0371556
5051 2.02474E+8 139616 2.02474E+8 139616 0.0000127144 8.76791E-9 0.00000885518 7.31739E-9 30.3989 0.037137
5052 2.02445E+8 139535 2.02445E+8 139535 0.0000129364 8.91706E-9 0.0000090203 7.44606E-9 30.3814 0.0371288
5053 2.02281E+8 139397 2.02281E+8 139397 0.0000131534 9.06502E-9 0.0000091735 7.57028E-9 30.364 0.0371255
5054 2.02452E+8 139383 2.02452E+8 139383 0.0000133962 9.22364E-9 0.00000934112 7.7022E-9 30.3466 0.037108
5055 2.02546E+8 139337 2.02546E+8 139337 0.0000136385 9.38303E-9 0.00000950627 7.8337E-9 30.3291 0.0370932
5056 2.02426E+8 139221 2.02426E+8 139221 0.0000138702 9.54019E-9 0.00000966745 7.96483E-9 30.3116 0.0370888
5057 2.0229E+8 139099 2.0229E+8 139099 0.000014105 9.69961E-9 0.00000983704 8.10033E-9 30.2942 0.037085
5058 2.02674E+8 139149 2.02674E+8 139149 0.0000143803 9.87382E-9 0.0000100228 8.24334E-9 30.2768 0.0370565
5059 2.02201E+8 138911 2.02201E+8 138911 0.0000145995 1.00305E-8 0.0000101899 8.38002E-9 30.2593 0.0370681
5060 2.0253E+8 138948 2.0253E+8 138948 0.0000148805 1.02097E-8 0.0000103893 8.53117E-9 30.2419 0.0370429
5061 2.02321E+8 138799 2.02321E+8 138799 0.0000151269 1.03784E-8 0.0000105508 8.66752E-9 30.2244 0.0370422
5062 2.02488E+8 138778 2.02488E+8 138778 0.0000154059 1.05595E-8 0.0000107504 8.82076E-9 30.2069 0.037024
5063 2.02337E+8 138648 2.02337E+8 138648 0.0000156653 1.07352E-8 0.0000109399 8.97113E-9 30.1895 0.0370205
5064 2.02527E+8 138641 2.02527E+8 138641 0.0000159562 1.09237E-8 0.0000111442 9.12933E-9 30.1721 0.0370022
5065 2.0253E+8 138566 2.0253E+8 138566 0.0000162365 1.11095E-8 0.0000113495 9.28829E-9 30.1546 0.0369919
5066 2.02548E+8 138494 2.02548E+8 138494 0.0000165099 1.12895E-8 0.0000115356 9.43684E-9 30.138 0.0369805
5067 2.02685E+8 138460 2.02685E+8 138460 0.0000167799 1.14635E-8 0.000011714 9.5784E-9 30.1225 0.0369634
5068 2.02431E+8 138293 2.02431E+8 138293 0.0000170168 1.16259E-8 0.0000118844 9.71583E-9 30.1072 0.0369643
5069 2.02606E+8 138279 2.02606E+8 138279 0.0000172936 1.18037E-8 0.0000120848 9.86726E-9 30.0919 0.0369466
5070 2.02564E+8 138184 2.02564E+8 138184 0.0000175562 1.19771E-8 0.0000122663 1.00116E-8 30.0767 0.0369377
5071 2.02697E+8 138153 2.02697E+8 138153 0.000017838 1.21587E-8 0.0000124612 1.01624E-8 30.0614 0.0369215
5072 2.02601E+8 138044 2.02601E+8 138044 0.0000181041 1.23361E-8 0.0000126606 1.03163E-8 30.0461 0.0369156
5073 2.02703E+8 138001 2.02703E+8 138001 0.0000183918 1.2522E-8 0.0000128525 1.04677E-8 30.0309 0.0369005
5074 2.02586E+8 137883 2.02586E+8 137883 0.0000186639 1.27037E-8 0.0000130517 1.06236E-8 30.0156 0.0368954
5075 2.02465E+8 137762 2.02465E+8 137762 0.00001894 1.2888E-8 0.0000132489 1.0779E-8 30.0003 0.0368902
5076 2.02533E+8 137708 2.02533E+8 137708 0.0000192377 1.30811E-8 0.0000134637 1.09435E-8 29.9851 0.0368768
5077 2.02738E+8 137703 2.02738E+8 137703 0.0000195536 1.32819E-8 0.0000136785 1.11089E-8 29.9698 0.0368575
5078 2.02431E+8 137515 2.02431E+8 137515 0.0000198243 1.34679E-8 0.0000138742 1.12669E-8 29.9545 0.0368603
5079 2.02921E+8 137604 2.02921E+8 137604 0.000020178 1.36839E-8 0.0000141186 1.14463E-8 29.9392 0.0368277
5080 2.02685E+8 137445 2.02685E+8 137445 0.0000204649 1.38786E-8 0.0000143138 1.1607E-8 29.924 0.0368278
5081 2.02791E+8 137405 2.02791E+8 137405 0.0000207907 1.4088E-8 0.0000145614 1.17903E-8 29.9087 0.0368129
5082 2.02525E+8 137239 2.02525E+8 137239 0.0000210829 1.42875E-8 0.0000147537 1.1952E-8 29.8934 0.0368147
5083 2.02651E+8 137200 2.02651E+8 137200 0.0000214208 1.45033E-8 0.0000149902 1.21328E-8 29.8781 0.036798
5084 2.0264E+8 137116 2.0264E+8 137116 0.0000217489 1.47172E-8 0.0000152245 1.23134E-8 29.8629 0.0367878
5085 2.02449E+8 136970 2.02449E+8 136970 0.0000220631 1.4928E-8 0.0000154539 1.24936E-8 29.8476 0.0367855
5086 2.02739E+8 136993 2.02739E+8 136993 0.0000224347 1.51603E-8 0.0000157163 1.26889E-8 29.8323 0.0367622
5087 2.02704E+8 136902 2.02704E+8 136902 0.000022776 1.53834E-8 0.0000159525 1.28745E-8 29.8171 0.0367532
5088 2.02702E+8 136813 2.02702E+8 136813 0.0000231262 1.56099E-8 0.00001621 1.30691E-8 29.8018 0.0367415
5089 2.02337E+8 136623 2.02337E+8 136623 0.0000234396 1.58279E-8 0.0000164211 1.3248E-8 29.7865 0.0367489
5090 2.02744E+8 136674 2.02744E+8 136674 0.0000238481 1.60774E-8 0.0000167051 1.34559E-8 29.7713 0.0367189
5091 2.02864E+8 136639 2.02864E+8 136639 0.0000242296 1.63208E-8 0.0000169883 1.36662E-8 29.756 0.0367035
5092 2.02537E+8 136452 2.02537E+8 136452 0.0000245627 1.65492E-8 0.0000172152 1.38548E-8 29.7407 0.0367079
5093 2.02637E+8 136401 2.02637E+8 136401 0.000024953 1.67976E-8 0.0000174906 1.40637E-8 29.7254 0.036692
5094 2.02521E+8 136285 2.02521E+8 136285 0.0000253225 1.70416E-8 0.0000177526 1.42688E-8 29.7102 0.0366868
5095 2.026E+8 136234 2.026E+8 136234 0.0000257222 1.72974E-8 0.0000180416 1.44864E-8 29.6949 0.0366729
5096 2.02558E+8 136136 2.02558E+8 136136 0.0000261127 1.7551E-8 0.0000182996 1.46924E-8 29.6796 0.0366635
5097 2.02513E+8 136041 2.02513E+8 136041 0.0000265085 1.78086E-8 0.0000185963 1.49161E-8 29.6644 0.0366548
5098 2.02596E+8 135988 2.02596E+8 135988 0.0000269277 1.80758E-8 0.0000188858 1.51381E-8 29.6491 0.0366401
5099 2.02531E+8 135886 2.02531E+8 135886 0.0000273332 1.834E-8 0.0000191686 1.53587E-8 29.6338 0.0366323
5100 2.02677E+8 135858 2.02677E+8 135858 0.0000277738 1.86184E-8 0.0000194904 1.55967E-8 29.6185 0.0366153
5101 2.02594E+8 135749 2.02594E+8 135749 0.0000281897 1.88898E-8 0.0000197832 1.58245E-8 29.6033 0.036608
5102 2.02479E+8 135626 2.02479E+8 135626 0.0000286074 1.91632E-8 0.0000200865 1.6058E-8 29.588 0.0366019
5103 2.02557E+8 135573 2.02557E+8 135573 0.0000290585 1.94503E-8 0.000020409 1.6301E-8 29.5727 0.0365877
5104 2.0231E+8 135415 2.0231E+8 135415 0.00002947 1.97267E-8 0.0000206914 1.65298E-8 29.5574 0.0365887
5105 2.02539E+8 135410 2.02539E+8 135410 0.0000299569 2.00292E-8 0.0000210313 1.67822E-8 29.5422 0.0365672
5106 2.02545E+8 135331 2.02545E+8 135331 0.0000304193 2.03259E-8 0.0000213636 1.70344E-8 29.5269 0.0365561
5107 2.02445E+8 135217 2.02445E+8 135217 0.0000308719 2.06212E-8 0.0000216904 1.72851E-8 29.5116 0.0365497
5108 2.02362E+8 135109 2.02362E+8 135109 0.0000313341 2.09219E-8 0.0000220168 1.75382E-8 29.4964 0.0365427
5109 2.02309E+8 135008 2.02309E+8 135008 0.0000318079 2.12279E-8 0.0000223384 1.77897E-8 29.4811 0.0365338
5110 2.02107E+8 134867 2.02107E+8 134867 0.0000322651 2.1532E-8 0.0000226618 1.80451E-8 29.4658 0.0365329
5111 2.02698E+8 134995 2.02698E+8 134995 0.0000328573 2.1884E-8 0.000023092 1.8346E-8 29.4506 0.0364969
5112 2.02389E+8 134827 2.02389E+8 134827 0.000033312 2.2193E-8 0.0000233962 1.85992E-8 29.4353 0.036502
5113 2.02395E+8 134763 2.02395E+8 134763 0.0000338261 2.25242E-8 0.0000237647 1.88797E-8 29.42 0.0364928
5114 2.02391E+8 134699 2.02391E+8 134699 0.0000343454 2.28596E-8 0.0000241335 1.91622E-8 29.4048 0.0364845
5115 2.02422E+8 134638 2.02422E+8 134638 0.0000348797 2.32011E-8 0.0000245297 1.94568E-8 29.3895 0.0364734
5116 2.02622E+8 134642 2.02622E+8 134642 0.0000354511 2.35587E-8 0.0000249164 1.97504E-8 29.3742 0.036456
5117 2.02487E+8 134532 2.02487E+8 134532 0.0000359727 2.39017E-8 0.0000252972 2.00436E-8 29.3589 0.0364533
5118 2.02758E+8 134554 2.02758E+8 134554 0.0000365751 2.42734E-8 0.0000257115 2.03521E-8 29.3437 0.0364318
5119 2.02642E+8 134453 2.02642E+8 134453 0.0000371171 2.46287E-8 0.0000261216 2.06615E-8 29.3284 0.0364286
5120 2.02654E+8 134395 2.02654E+8 134395 0.0000376904 2.49969E-8 0.0000265181 2.09671E-8 29.3131 0.0364196
5121 2.02717E+8 134344 2.02717E+8 134344 0.0000382821 2.53717E-8 0.0000269541 2.12892E-8 29.2978 0.0364071
5122 2.02527E+8 134216 2.02527E+8 134216 0.0000388347 2.57375E-8 0.0000273425 2.15965E-8 29.2826 0.0364068
5123 2.02563E+8 134159 2.02563E+8 134159 0.0000394392 2.61225E-8 0.000027777 2.19226E-8 29.2673 0.0363959
5124 2.02896E+8 134204 2.02896E+8 134204 0.0000401125 2.65337E-8 0.0000282357 2.22617E-8 29.252 0.0363721
5125 2.02714E+8 134081 2.02714E+8 134081 0.0000406929 2.6917E-8 0.0000286627 2.25906E-8 29.2368 0.0363716
5126 2.02658E+8 133990 2.02658E+8 133990 0.0000413077 2.73128E-8 0.0000290979 2.29238E-8 29.2215 0.0363644
5127 2.02658E+8 133928 2.02658E+8 133928 0.0000419432 2.77201E-8 0.0000295343 2.32612E-8 29.2062 0.0363559
5128 2.02785E+8 133899 2.02785E+8 133899 0.0000426155 2.81406E-8 0.0000300131 2.36162E-8 29.1909 0.0363406
5129 2.02808E+8 133840 2.02808E+8 133840 0.0000432764 2.85613E-8 0.0000304741 2.3967E-8 29.1757 0.0363306
5130 2.03006E+8 133843 2.03006E+8 133843 0.0000439851 2.90014E-8 0.0000309758 2.43377E-8 29.1604 0.0363133
5131 2.02725E+8 133682 2.02725E+8 133682 0.0000446001 2.94122E-8 0.0000314479 2.4698E-8 29.1451 0.0363165
5132 2.02719E+8 133615 2.02719E+8 133615 0.0000452853 2.98501E-8 0.0000318947 2.50505E-8 29.1299 0.036308
5133 2.02879E+8 133599 2.02879E+8 133599 0.0000460183 3.03055E-8 0.0000324235 2.54388E-8 29.1146 0.0362914
5134 2.02911E+8 133539 2.02911E+8 133539 0.0000467339 3.07582E-8 0.000032956 2.58295E-8 29.0993 0.0362805
5135 2.0272E+8 133411 2.0272E+8 133411 0.0000474079 3.12013E-8 0.000033438 2.62037E-8 29.0841 0.0362802
5136 2.02888E+8 133401 2.02888E+8 133401 0.0000481773 3.16789E-8 0.0000339619 2.6597E-8 29.0688 0.0362637
5137 2.03044E+8 133386 2.03044E+8 133386 0.0000489568 3.21631E-8 0.0000345331 2.70133E-8 29.0535 0.0362478
5138 2.03119E+8 133340 2.03119E+8 133340 0.0000497285 3.26467E-8 0.0000351149 2.74335E-8 29.0382 0.0362348
5139 2.02756E+8 133156 2.02756E+8 133156 0.0000504032 3.31031E-8 0.0000355588 2.78044E-8 29.023 0.0362422
5140 2.03013E+8 133170 2.03013E+8 133170 0.0000512441 3.36166E-8 0.0000361833 2.82481E-8 29.0077 0.0362213
5141 2.02978E+8 133094 2.02978E+8 133094 0.0000520232 3.4114E-8 0.0000367349 2.86668E-8 28.9924 0.036214
5142 2.0307E+8 133058 2.0307E+8 133058 0.0000528477 3.46295E-8 0.000037269 2.90811E-8 28.9772 0.0362009
5143 2.02812E+8 132901 2.02812E+8 132901 0.0000535927 3.51209E-8 0.0000378121 2.95011E-8 28.9619 0.0362025
5144 2.02899E+8 132867 2.02899E+8 132867 0.0000544414 3.56527E-8 0.0000384269 2.99531E-8 28.9466 0.0361901
5145 2.02987E+8 132823 2.02987E+8 132823 0.0000553024 3.61888E-8 0.0000390692 3.04176E-8 28.9313 0.0361763
5146 2.02971E+8 132757 2.02971E+8 132757 0.0000561494 3.67278E-8 0.0000396493 3.08634E-8 28.9161 0.0361688
5147 2.02931E+8 132674 2.02931E+8 132674 0.0000570013 3.7269E-8 0.0000402147 3.1304E-8 28.9008 0.036161
5148 2.02789E+8 132558 2.02789E+8 132558 0.0000578389 3.78099E-8 0.0000408397 3.17719E-8 28.8855 0.0361578
5149 2.02916E+8 132533 2.02916E+8 132533 0.0000587652 3.83843E-8 0.0000415205 3.22642E-8 28.8703 0.0361431
5150 2.02919E+8 132468 2.02919E+8 132468 0.0000596708 3.8956E-8 0.0000421683 3.27481E-8 28.855 0.0361339
5151 2.03017E+8 132428 2.03017E+8 132428 0.0000606184 3.95437E-8 0.0000428421 3.32441E-8 28.8397 0.0361198
5152 2.02862E+8 132309 2.02862E+8 132309 0.000061503 4.01152E-8 0.0000434839 3.3731E-8 28.8245 0.0361173
5153 2.02974E+8 132279 2.02974E+8 132279 0.0000624848 4.07239E-8 0.0000441281 3.42236E-8 28.8092 0.0361033
5154 2.03114E+8 132253 2.03114E+8 132253 0.0000634912 4.13433E-8 0.0000448673 3.47558E-8 28.7939 0.0360874
5155 2.03112E+8 132191 2.03112E+8 132191 0.0000644659 4.19586E-8 0.0000455899 3.52858E-8 28.7786 0.036079
5156 2.02954E+8 132071 2.02954E+8 132071 0.0000654075 4.25658E-8 0.0000462347 3.57873E-8 28.7634 0.0360766
5157 2.02903E+8 131985 2.02903E+8 131985 0.0000663983 4.31933E-8 0.0000469557 3.63231E-8 28.7481 0.0360694
5158 2.03102E+8 131978 2.03102E+8 131978 0.0000674853 4.38553E-8 0.0000476944 3.68691E-8 28.7328 0.0360508
5159 2.03073E+8 131903 2.03073E+8 131903 0.0000685146 4.45053E-8 0.0000484871 3.74392E-8 28.7175 0.0360432
5160 2.02864E+8 131765 2.02864E+8 131765 0.0000694968 4.51424E-8 0.0000491918 3.79797E-8 28.7023 0.0360428
5161 2.02859E+8 131687 2.02859E+8 131687 0.0000705634 4.58092E-8 0.0000499339 3.85357E-8 28.687 0.0360326
5162 2.03021E+8 131679 2.03021E+8 131679 0.0000717077 4.6512E-8 0.0000507109 3.91145E-8 28.6717 0.0360171
5163 2.03091E+8 131630 2.03091E+8 131630 0.0000728352 4.72097E-8 0.000051556 3.97189E-8 28.6565 0.0360043
5164 2.02742E+8 131446 2.02742E+8 131446 0.0000738304 4.78698E-8 0.0000522418 4.02682E-8 28.6412 0.0360099
5165 2.0293E+8 131439 2.0293E+8 131439 0.0000750353 4.86034E-8 0.0000531179 4.08943E-8 28.6259 0.0359923
5166 2.0293E+8 131373 2.0293E+8 131373 0.00007619 4.93266E-8 0.0000539279 4.14988E-8 28.6107 0.0359833
5167 2.02948E+8 131308 2.02948E+8 131308 0.0000773694 5.0061E-8 0.0000547887 4.21271E-8 28.5954 0.0359728
5168 2.02843E+8 131204 2.02843E+8 131204 0.0000785198 5.07912E-8 0.0000555961 4.27383E-8 28.5801 0.0359678
5169 2.03063E+8 131202 2.03063E+8 131202 0.0000798147 5.15723E-8 0.0000565117 4.33956E-8 28.5648 0.0359481
5170 2.02755E+8 131041 2.02755E+8 131041 0.0000809196 5.23014E-8 0.0000573249 4.40218E-8 28.5496 0.0359533
5171 2.02542E+8 130899 2.02542E+8 130899 0.0000820793 5.30494E-8 0.000058116 4.46392E-8 28.5343 0.0359528
5172 2.02911E+8 130949 2.02911E+8 130949 0.0000834938 5.38857E-8 0.0000591169 4.53423E-8 28.519 0.0359268
5173 2.02749E+8 130826 2.02749E+8 130826 0.0000847105 5.46634E-8 0.0000600274 4.60156E-8 28.5038 0.0359243
5174 2.02689E+8 130739 2.02689E+8 130739 0.0000859885 5.54676E-8 0.0000609163 4.66854E-8 28.4885 0.0359177
5175 2.0288E+8 130729 2.0288E+8 130729 0.0000873939 5.63169E-8 0.0000619145 4.74015E-8 28.4732 0.0358995
5176 2.02866E+8 130657 2.02866E+8 130657 0.0000887324 5.71518E-8 0.0000628925 4.81163E-8 28.4579 0.0358908
5177 2.02775E+8 130558 2.02775E+8 130558 0.0000900567 5.7987E-8 0.0000638683 4.88332E-8 28.4427 0.0358853
5178 2.02943E+8 130543 2.02943E+8 130543 0.0000915195 5.88731E-8 0.0000648971 4.95766E-8 28.4274 0.0358683
5179 2.02542E+8 130343 2.02542E+8 130343 0.000092744 5.96872E-8 0.0000657647 5.02623E-8 28.4121 0.0358762
5180 2.0267E+8 130318 2.0267E+8 130318 0.0000942308 6.05944E-8 0.0000668256 5.10292E-8 28.3969 0.0358615
5181 2.026E+8 130224 2.026E+8 130224 0.0000956473 6.1482E-8 0.0000678793 5.17959E-8 28.3816 0.0358547
5182 2.02825E+8 130224 2.02825E+8 130224 0.0000972269 6.24278E-8 0.0000690049 5.25928E-8 28.3663 0.0358348
5183 2.02799E+8 130150 2.02799E+8 130150 0.0000987107 6.33529E-8 0.0000700357 5.33635E-8 28.351 0.035827
5184 2.02519E+8 129985 2.02519E+8 129985 0.000100092 6.4247E-8 0.0000710147 5.41159E-8 28.3358 0.0358291
5185 2.02903E+8 130041 2.02903E+8 130041 0.000101824 6.5263E-8 0.0000722239 5.49646E-8 28.3205 0.0358028
5186 2.02605E+8 129872 2.02605E+8 129872 0.00010324 6.61817E-8 0.0000732913 5.57644E-8 28.3052 0.0358058
5187 2.02468E+8 129757 2.02468E+8 129757 0.000104757 6.71398E-8 0.0000743563 5.65654E-8 28.29 0.035802
5188 2.02736E+8 129775 2.02736E+8 129775 0.00010651 6.81823E-8 0.0000756321 5.74548E-8 28.2747 0.0357808
5189 2.02647E+8 129674 2.02647E+8 129674 0.0001081 6.91773E-8 0.0000767612 5.82946E-8 28.2594 0.0357748
5190 2.02486E+8 129556 2.02486E+8 129556 0.000109678 7.01783E-8 0.0000778956 5.91413E-8 28.2441 0.0357727
5191 2.0248E+8 129479 2.0248E+8 129479 0.000111363 7.12164E-8 0.0000790698 6.00089E-8 28.2289 0.0357626
5192 2.02658E+8 129466 2.02658E+8 129466 0.000113175 7.23047E-8 0.0000803932 6.09407E-8 28.2136 0.0357452
5193 2.02545E+8 129364 2.02545E+8 129364 0.000114852 7.33592E-8 0.0000816049 6.18373E-8 28.1983 0.035741
5194 2.02453E+8 129261 2.02453E+8 129261 0.000116567 7.4429E-8 0.0000828199 6.2737E-8 28.1831 0.0357349
5195 2.02442E+8 129183 2.02442E+8 129183 0.000118356 7.55294E-8 0.0000840977 6.36666E-8 28.1678 0.035725
5196 2.02625E+8 129176 2.02625E+8 129176 0.000120284 7.66867E-8 0.0000854865 6.46501E-8 28.1525 0.0357079
5197 2.02228E+8 128974 2.02228E+8 128974 0.000121896 7.7745E-8 0.0000866373 6.55435E-8 28.1373 0.035715
5198 2.02354E+8 128945 2.02354E+8 128945 0.00012385 7.89242E-8 0.0000880095 6.65317E-8 28.122 0.0356999
5199 2.0224E+8 128838 2.0224E+8 128838 0.000125684 8.00723E-8 0.0000892624 6.74801E-8 28.1067 0.0356952
5200 2.02265E+8 128771 2.02265E+8 128771 0.000127634 8.12617E-8 0.0000907504 6.85223E-8 28.0914 0.0356836
5201 2.02253E+8 128698 2.02253E+8 128698 0.00012959 8.24653E-8 0.0000921543 6.95407E-8 28.0762 0.0356747
5202 2.02282E+8 128639 2.02282E+8 128639 0.000131604 8.36966E-8 0.0000936133 7.05888E-8 28.0609 0.0356639
5203 2.02225E+8 128546 2.02225E+8 128546 0.00013359 8.49221E-8 0.0000950324 7.16253E-8 28.0456 0.035656
5204 2.022E+8 128464 2.022E+8 128464 0.000135629 8.61743E-8 0.0000965019 7.26887E-8 28.0304 0.0356469
5205 2.02235E+8 128409 2.02235E+8 128409 0.000137741 8.74631E-8 0.0000980044 7.37754E-8 28.0151 0.0356361
5206 2.02025E+8 128265 2.02025E+8 128265 0.000139715 8.87095E-8 0.0000993936 7.48219E-8 27.9998 0.0356346
5207 2.02115E+8 128225 2.02115E+8 128225 0.000141927 9.00456E-8 0.000101014 7.59673E-8 27.9845 0.0356211
5208 2.0224E+8 128195 2.0224E+8 128195 0.000144201 9.14107E-8 0.000102701 7.71447E-8 27.9693 0.035606
5209 2.02206E+8 128110 2.02206E+8 128110 0.000146395 9.27553E-8 0.000104196 7.8254E-8 27.954 0.0355971
5210 2.02182E+8 128034 2.02182E+8 128034 0.000148632 9.41281E-8 0.000105836 7.94285E-8 27.9387 0.0355888
5211 2.01899E+8 127868 2.01899E+8 127868 0.000150708 9.54529E-8 0.000107339 8.05571E-8 27.9234 0.0355906
5212 2.01914E+8 127803 2.01914E+8 127803 0.000153037 9.68715E-8 0.000109016 8.17634E-8 27.9082 0.0355803
5213 2.02023E+8 127764 2.02023E+8 127764 0.000155475 9.8331E-8 0.000110789 8.30061E-8 27.8929 0.0355651
5214 2.01752E+8 127605 2.01752E+8 127605 0.000157656 9.97202E-8 0.000112311 8.41658E-8 27.8776 0.0355668
5215 2.01785E+8 127546 2.01785E+8 127546 0.000160111 1.0121E-7 0.000114157 8.54612E-8 27.8624 0.0355558
5216 2.01691E+8 127444 2.01691E+8 127444 0.000162499 1.02685E-7 0.0001158 8.66835E-8 27.8471 0.0355499
5217 2.01723E+8 127381 2.01723E+8 127381 0.000165023 1.04212E-7 0.000117599 8.79727E-8 27.8318 0.0355381
5218 2.01862E+8 127354 2.01862E+8 127354 0.000167679 1.05794E-7 0.000119534 8.93222E-8 27.8166 0.0355222
5219 2.01508E+8 127172 2.01508E+8 127172 0.000169963 1.0727E-7 0.000121202 9.05874E-8 27.8013 0.035528
5220 2.01517E+8 127110 2.01517E+8 127110 0.000172582 1.08865E-7 0.000123106 9.19477E-8 27.786 0.0355186
5221 2.01728E+8 127119 2.01728E+8 127119 0.000175423 1.10549E-7 0.000125157 9.33767E-8 27.7707 0.0355012
5222 2.01577E+8 127012 2.01577E+8 127012 0.000177989 1.12155E-7 0.000126936 9.47131E-8 27.7555 0.0354995
5223 2.01594E+8 126961 2.01594E+8 126961 0.000180744 1.13836E-7 0.000128912 9.61382E-8 27.7402 0.035491
5224 2.01677E+8 126924 2.01677E+8 126924 0.000183601 1.15554E-7 0.000130959 9.75945E-8 27.7249 0.0354785
5225 2.01639E+8 126854 2.01639E+8 126854 0.000186389 1.17266E-7 0.000132976 9.90496E-8 27.7097 0.0354719
5226 2.01539E+8 126775 2.01539E+8 126775 0.000189163 1.18997E-7 0.000134937 1.00501E-7 27.6944 0.0354698
5227 2.00162E+8 126609 2.00162E+8 126609 0.000190753 1.20668E-7 0.000136157 1.01939E-7 27.6792 0.0355685
5228 1.8828E+8 124955 1.8828E+8 124955 0.000182131 1.20907E-7 0.00013013 1.02172E-7 27.6642 0.036435
5229 1.46299E+8 116044 1.46299E+8 116044 0.000143507 1.139E-7 0.000102736 9.63618E-8 27.6503 0.0398358
5230 7.37472E+7 89663.6 7.37472E+7 89663.6 0.0000732465 8.91365E-8 0.0000523077 7.53043E-8 27.6378 0.0493231
5231 4.76912E+7 75599.7 4.76912E+7 75599.7 0.0000484743 7.67878E-8 0.0000345835 6.48083E-8 27.6147 0.0562964
5232 1.03464E+8 100879 1.03464E+8 100879 0.000106911 1.04148E-7 0.0000766468 8.8145E-8 27.5982 0.0441495
5233 1.63972E+8 119855 1.63972E+8 119855 0.000171563 1.25316E-7 0.000122893 1.06022E-7 27.5858 0.0382281
5234 1.91146E+8 124957 1.91146E+8 124957 0.000202834 1.32563E-7 0.000144948 1.12046E-7 27.5717 0.0361563
5235 1.99964E+8 126111 1.99964E+8 126111 0.000215362 1.35819E-7 0.000153722 1.14749E-7 27.5568 0.0355151
5236 2.01391E+8 126148 2.01391E+8 126148 0.000220216 1.37947E-7 0.000157427 1.16636E-7 27.5417 0.0353949
5237 2.0152E+8 126100 2.0152E+8 126100 0.000223744 1.40014E-7 0.000159837 1.18339E-7 27.5264 0.0353769
5238 2.01716E+8 126094 2.01716E+8 126094 0.000227411 1.42164E-7 0.000162448 1.20155E-7 27.5111 0.0353588
5239 2.01604E+8 126001 2.01604E+8 126001 0.000230779 1.44243E-7 0.000164918 1.21937E-7 27.4959 0.0353556
5240 2.01517E+8 125913 2.01517E+8 125913 0.000234226 1.46359E-7 0.000167327 1.23706E-7 27.4806 0.035351
5241 2.01454E+8 125828 2.01454E+8 125828 0.00023776 1.48513E-7 0.000169916 1.25548E-7 27.4653 0.0353445
5242 2.01577E+8 125818 2.01577E+8 125818 0.000241566 1.50786E-7 0.000172784 1.27526E-7 27.4501 0.0353323
5243 2.01592E+8 125757 2.01592E+8 125757 0.000245301 1.53031E-7 0.0001754 1.29405E-7 27.4348 0.0353224
5244 2.01482E+8 125660 2.01482E+8 125660 0.000248937 1.55266E-7 0.000178043 1.3131E-7 27.4195 0.0353185
5245 2.01533E+8 125616 2.01533E+8 125616 0.000252835 1.57602E-7 0.000180902 1.33308E-7 27.4042 0.0353078
5246 2.01462E+8 125533 2.01462E+8 125533 0.000256633 1.59919E-7 0.000183682 1.35295E-7 27.389 0.0353023
5247 2.01505E+8 125487 2.01505E+8 125487 0.000260644 1.62324E-7 0.000186491 1.37304E-7 27.3737 0.035292
5248 2.01627E+8 125464 2.01627E+8 125464 0.000264813 1.64791E-7 0.000189514 1.3941E-7 27.3584 0.0352782
5249 2.01576E+8 125389 2.01576E+8 125389 0.000268819 1.67226E-7 0.000192529 1.41523E-7 27.3431 0.0352721
5250 2.01574E+8 125325 2.01574E+8 125325 0.00027295 1.69711E-7 0.000195381 1.43585E-7 27.3279 0.0352633
5251 2.01259E+8 125162 2.01259E+8 125162 0.000276719 1.72099E-7 0.000198058 1.45599E-7 27.3126 0.0352679
5252 2.01582E+8 125207 2.01582E+8 125207 0.000281427 1.74809E-7 0.000201288 1.4784E-7 27.2973 0.0352459
5253 2.01482E+8 125112 2.01482E+8 125112 0.000285617 1.77366E-7 0.000204557 1.50102E-7 27.2821 0.0352413
5254 2.01261E+8 124983 2.01261E+8 124983 0.000289696 1.79911E-7 0.000207479 1.52256E-7 27.2668 0.0352425
5255 2.01396E+8 124961 2.01396E+8 124961 0.000294349 1.82646E-7 0.000210802 1.54569E-7 27.2515 0.0352276
5256 2.01334E+8 124882 2.01334E+8 124882 0.000298786 1.85339E-7 0.000214115 1.56895E-7 27.2363 0.0352219
5257 2.01306E+8 124816 2.01306E+8 124816 0.000303344 1.88092E-7 0.000217257 1.59182E-7 27.221 0.0352149
5258 2.01477E+8 124807 2.01477E+8 124807 0.00030827 1.90972E-7 0.000220752 1.61605E-7 27.2057 0.0351988
5259 2.01371E+8 124714 2.01371E+8 124714 0.000312854 1.93768E-7 0.000224197 1.64033E-7 27.1904 0.0351949
5260 2.0129E+8 124626 2.0129E+8 124626 0.000317538 1.9661E-7 0.000227634 1.66469E-7 27.1752 0.0351896
5261 2.01149E+8 124518 2.01149E+8 124518 0.000322196 1.99461E-7 0.00023092 1.68862E-7 27.1599 0.0351867
5262 2.0121E+8 124477 2.0121E+8 124477 0.000327254 2.02464E-7 0.000234427 1.7136E-7 27.1446 0.0351755
5263 2.01146E+8 124394 2.01146E+8 124394 0.000332184 2.05443E-7 0.000238119 1.73942E-7 27.1294 0.0351694
5264 2.01247E+8 124363 2.01247E+8 124363 0.00033747 2.08555E-7 0.000241944 1.76588E-7 27.1141 0.0351562
5265 2.01283E+8 124316 2.01283E+8 124316 0.000342717 2.11679E-7 0.000245649 1.79214E-7 27.0988 0.0351464
5266 2.01325E+8 124264 2.01325E+8 124264 0.000348067 2.14849E-7 0.00024952 1.81912E-7 27.0835 0.0351354
5267 2.01132E+8 124145 2.01132E+8 124145 0.000353084 2.17947E-7 0.00025319 1.84561E-7 27.0683 0.0351355
5268 2.00952E+8 124026 2.00952E+8 124026 0.000358197 2.21088E-7 0.000256966 1.87263E-7 27.053 0.0351343
5269 2.01161E+8 124027 2.01161E+8 124027 0.00036409 2.24495E-7 0.000261381 1.90211E-7 27.0377 0.0351162
5270 2.0097E+8 123910 2.0097E+8 123910 0.000369338 2.27731E-7 0.000264868 1.92854E-7 27.0225 0.0351163
5271 2.00918E+8 123830 2.00918E+8 123830 0.000374925 2.31086E-7 0.000268933 1.95714E-7 27.0072 0.0351094
5272 2.00995E+8 123791 2.00995E+8 123791 0.000380844 2.34571E-7 0.000273387 1.9874E-7 26.9919 0.0350972
5273 2.01012E+8 123733 2.01012E+8 123733 0.000386733 2.38067E-7 0.000277425 2.01636E-7 26.9767 0.0350875
5274 2.00792E+8 123603 2.00792E+8 123603 0.000392254 2.41476E-7 0.000281545 2.04581E-7 26.9614 0.0350883
5275 2.00976E+8 123599 2.00976E+8 123599 0.000398655 2.45184E-7 0.000286183 2.0774E-7 26.9461 0.0350717
5276 2.00801E+8 123482 2.00801E+8 123482 0.000404439 2.48721E-7 0.000290278 2.10714E-7 26.9308 0.0350703
5277 2.00895E+8 123450 2.00895E+8 123450 0.000410854 2.52482E-7 0.000295181 2.1401E-7 26.9156 0.0350575
5278 2.00921E+8 123399 2.00921E+8 123399 0.000417231 2.56262E-7 0.000299744 2.17202E-7 26.9003 0.035048
5279 2.00849E+8 123315 2.00849E+8 123315 0.000423505 2.60032E-7 0.000304405 2.2046E-7 26.885 0.0350424
5280 2.00855E+8 123253 2.00855E+8 123253 0.00043003 2.63897E-7 0.000308933 2.23677E-7 26.8698 0.035033
5281 2.00701E+8 123138 2.00701E+8 123138 0.000436312 2.67709E-7 0.000313643 2.26978E-7 26.8545 0.0350302
5282 2.00756E+8 123098 2.00756E+8 123098 0.000443146 2.71739E-7 0.000318351 2.30325E-7 26.8392 0.0350197
5283 2.00756E+8 123035 2.00756E+8 123035 0.00044997 2.75783E-7 0.000323193 2.33727E-7 26.8239 0.0350107
5284 2.00662E+8 122941 2.00662E+8 122941 0.000456682 2.79814E-7 0.000328275 2.37235E-7 26.8087 0.0350055
5285 2.0062E+8 122868 2.0062E+8 122868 0.000463609 2.83948E-7 0.000333316 2.40764E-7 26.7934 0.0349988
5286 2.00652E+8 122809 2.00652E+8 122809 0.000470816 2.88178E-7 0.000338788 2.44454E-7 26.7781 0.0349876
5287 2.00437E+8 122682 2.00437E+8 122682 0.000477547 2.92307E-7 0.000343416 2.47878E-7 26.7629 0.0349882
5288 2.0033E+8 122586 2.0033E+8 122586 0.000484644 2.96579E-7 0.000348508 2.51502E-7 26.7476 0.0349839
5289 2.00573E+8 122600 2.00573E+8 122600 0.000492699 3.01176E-7 0.000354615 2.55509E-7 26.7323 0.0349646
5290 2.00562E+8 122533 2.00562E+8 122533 0.000500251 3.05644E-7 0.00036002 2.59291E-7 26.717 0.0349561
5291 2.00458E+8 122442 2.00458E+8 122442 0.000507684 3.10114E-7 0.000365227 2.63041E-7 26.7018 0.0349522
5292 2.00533E+8 122399 2.00533E+8 122399 0.000515689 3.14776E-7 0.000370957 2.66979E-7 26.6865 0.0349395
5293 2.00312E+8 122267 2.00312E+8 122267 0.000523047 3.19277E-7 0.000376315 2.70821E-7 26.6712 0.03494
5294 2.00454E+8 122247 2.00454E+8 122247 0.000531475 3.24137E-7 0.000382649 2.7504E-7 26.656 0.0349247
5295 2.00171E+8 122097 2.00171E+8 122097 0.000538755 3.28638E-7 0.000387847 2.7884E-7 26.6409 0.0349279
5296 2.00241E+8 122058 2.00241E+8 122058 0.000546215 3.32959E-7 0.000393102 2.82461E-7 26.6275 0.034916
5297 2.00283E+8 122008 2.00283E+8 122008 0.000552856 3.368E-7 0.000398049 2.85782E-7 26.6157 0.0349053
5298 2.0021E+8 121923 2.0021E+8 121923 0.000559152 3.40521E-7 0.000402481 2.88902E-7 26.604 0.0348994
5299 2.00162E+8 121845 2.00162E+8 121845 0.00056559 3.44303E-7 0.000407349 2.92196E-7 26.5923 0.0348924
5300 2.00112E+8 121766 2.00112E+8 121766 0.000572095 3.48125E-7 0.000411916 2.95394E-7 26.5806 0.0348855
