7553.806965328333; 12322.235253124285
7559.213172401236; 12337.888410576345
7566.140567466351; 12353.033867426075
7571.367996839932; 12353.50650910051
7574.9938995152515; 12334.76374470812
7579.4572310756585; 12340.187541440879
7584.195936088403; 12358.72035703151
7589.413020068459; 12373.062291898885
7594.631471256756; 12385.571313219629
7600.327526476522; 12394.928352183631
7606.0236370488465; 12404.211184121454
7611.244158422899; 12413.944862663086
7616.936084341664; 12428.837745780074
7622.151989312186; 12444.760290305074
7627.845609019297; 12457.382438420971
7633.543712283793; 12463.993817416333
7639.243144009738; 12468.824227783389
7644.463133999211; 12479.270293776342
7649.675219643072; 12500.313123107724
7655.367344831053; 12514.938860930468
7660.780891653455; 12520.752166711132
7666.279327162364; 12540.188761608997
7671.021137453742; 12554.558563030958
7675.95265203985; 12569.460413262721
7681.933252631198; 12579.630366846657
7686.675776970605; 12593.042897630905
7692.3706421103225; 12603.995387657764
7698.068247201776; 12611.274629888741
7703.762863254973; 12622.56105153341
7708.980926975347; 12635.58952203741
7714.198093984244; 12649.820146365517
7719.890551287588; 12664.000642031184
7725.585001283104; 12675.50968475439
7731.280281567024; 12685.905622084903
7736.02280590643; 12699.318152869151
7740.7641678420705; 12714.289031203167
7746.460610529757; 12723.126620983912
7752.151905429335; 12738.865464199349
7757.853495905131; 12740.801800545405
7763.553259746438; 12745.186968755383
7769.248041857315; 12756.250769321512
7774.9458130064495; 12763.30739047395
7778.751356881034; 12758.587512250786
7781.144082006001; 12736.520003241825
7781.15603815903; 12720.49128558706
7781.646240433227; 12700.449784071876
7783.385262891324; 12535.334937108926
7783.409308043527; 12503.099404936569
7783.23640878611; 12480.038102978688
7783.445575041049; 12454.47896138379
7783.270395258147; 12434.4749889045
7783.282506398345; 12418.238491576434
7784.7199681078155; 12402.549154307135
7784.731924260845; 12386.520436652372
7784.743730961962; 12370.692077968293
7784.755836566904; 12354.463001342847
7784.767792719933; 12338.434283688082
7784.779748872962; 12322.40556603332
7784.792203199034; 12305.708985142941
7784.804159352063; 12289.680267488178
7784.816115505092; 12273.651549833416
7784.828121475426; 12257.556045855092
7784.746670182914; 12239.324500412145
7784.851983964179; 12225.565396869126
7784.864770405614; 12208.423573821672
7784.875896270239; 12193.5079615596
7784.889236237275; 12175.624068250352
7785.6933982336095; 12690.384197740423
7784.995291742849; 12670.579328420607
7785.007247895878; 12654.550610765844
7785.019204048907; 12638.52189311108
7785.0311602019365; 12622.493175456317
7785.043116354966; 12606.464457801554
7785.055072507995; 12590.435740146791
7785.067028661024; 12574.407022492029
7785.078984814054; 12558.378304837264
7785.989882361702; 11883.322784874987
7785.881280638354; 11846.878135287629
7785.625248161343; 11826.044004877427
7786.330661190065; 12154.621507906602
7785.775098612642; 12134.859481468475
7786.041455132904; 12117.58109673564
7785.894660142934; 12101.999489386864
7785.90786172857; 12084.301113643063
7785.919319708557; 12068.940259223915
7786.089279745021; 12053.466226116587
7785.943896245339; 12035.992339600236
7785.954689994602; 12021.521969495241
7785.966646147631; 12005.493251840478
7785.979100473703; 11988.7966709501
7786.149060510166; 11973.322637842772
7786.0010200875895; 11959.410688583035
7786.01496893279; 11940.710517985812
7786.027257201182; 11924.236558173972
7786.196885122283; 11909.207767223721
7784.6193371531535; 11900.321605571293
7785.120997407336; 11864.91924963696
7785.163840289025; 11807.483011374059
7789.663505270026; 12783.614791850776
7788.2520149818565; 12764.486192436674
7788.263971134886; 12748.45747478191
7788.751184370825; 12732.423152680414
7788.287883440944; 12716.400039472384
7788.574166882921; 12544.979940848925
7788.431357277294; 12524.055427615229
7788.4433134303235; 12508.026709960464
7788.455269583353; 12491.997992305702
7788.467225736383; 12475.969274650939
7788.479181889412; 12459.940556996176
7788.491138042441; 12443.911839341414
7788.507328666335; 12422.206284183922
7788.77609302297; 12699.029990899659
7788.788049175999; 12683.001273244896
7788.800005329028; 12666.972555590133
7788.811961482057; 12650.94383793537
7788.823917635086; 12634.915120280606
7788.835873788115; 12618.886402625843
7788.847829941145; 12602.85768497108
7788.8597860941745; 12586.828967316318
7788.871742247204; 12570.800249661555
7791.547728564354; 12806.12162721193
7796.7642977656; 12821.153687422775
7802.457363947107; 12834.517905800469
7808.150872949098; 12847.288467968725
7813.848810155913; 12854.122468042626
7819.542928036067; 12866.076752922909
7825.235883512453; 12879.58938535296
7831.591475558947; 12896.745157245616
7837.5744673809; 12903.7093672986
7842.9848923189; 12913.707949355785
7848.48890736589; 12925.664476014761
7853.708631663074; 12936.466735733376
7859.410554254233; 12937.957829922356
7865.008325467893; 12951.649680104585
7870.798956072221; 12961.643778604383
7876.495066644546; 12970.926610542207
7882.193668082085; 12976.870126301954
7887.88795201992; 12988.601790103698
7893.581737784712; 13001.001317141057
7900.228030407496; 13010.718182342493
7905.922480403011; 13022.227225065699
7910.669073155601; 13030.185539425755
7913.531575460007; 13015.458921561827
7913.543531613036; 12999.430203907064
7914.980926899435; 12983.829915069182
7913.567443919095; 12967.37276859754
7915.0081603591125; 12947.320058188889
7915.019452281418; 12932.181824848278
7913.603312378183; 12919.28661563325
7915.516296862854; 12903.235480191557
7915.528253015883; 12887.206762536794
7915.540209168912; 12871.178044882032
7915.552165321941; 12855.149327227267
7915.56412147497; 12839.120609572505
7914.945058440348; 12819.537427256771
7915.940028619614; 12790.267181162704
7915.976664107038; 12710.8129250104
7916.627610216405; 12687.652860246766
7916.168156289466; 12666.472358719262
7915.775716916556; 12646.469888172393
7916.204253908153; 12618.078988666592
7916.886660198704; 12765.121259280299
7916.742798894432; 12745.606679544011
7916.754755047461; 12729.577961889248
7917.183557494122; 12579.471963386928
7917.489062112671; 12807.04075647605
7917.643993929007; 12599.335290199746
7919.541375633975; 12986.483184695577
7919.439575633239; 12953.055898061382
7919.295437566165; 12933.912353455993
7919.3054010270225; 12920.555088743691
7918.837118366712; 12911.210607891811
7921.298425313917; 13009.5792342232
7923.974029698401; 13033.033999477515
7928.71190442274; 13052.679920460838
7934.405856245213; 13064.856826419658
7940.101136529133; 13075.252763750173
7945.800568255077; 13080.083174117228
7951.499833923341; 13085.136205562821
7957.200926226094; 13087.740405144492
7962.4220786193355; 13096.628123587678
7967.638813878262; 13111.437562719984
7973.2435927260585; 13115.734803387895
7979.035352522617; 13124.215078553632
7985.015023190951; 13135.631710177384
7990.428071840311; 13142.112879193663
7996.127337508574; 13147.165910639256
8001.8274334652415; 13151.105836692157
8007.528359710315; 13153.932657352367
8013.223473936554; 13164.55121576142
8018.923071720179; 13169.159005049936
8024.617355658014; 13180.890668851682
8030.31534821739; 13187.650461899402
8035.729437494883; 13192.736538823507
8041.706683721075; 13207.403438193918
8047.403624581805; 13215.57316473905
8053.100731500216; 13223.520270205641
8058.798834764712; 13230.131649201003
8064.499096779062; 13233.848954175366
8069.724765941224; 13236.681379282309
8075.896631769503; 13245.290743537784
8081.595399264723; 13251.011638218992
8087.2964915674775; 13253.615837800664
8092.9960893511025; 13258.22362708918
8098.691701750385; 13268.174322262617
8104.386649918943; 13279.01550175021
8109.9881076131205; 13287.765163988886
8115.783852794022; 13290.902533269702
8121.486937788947; 13290.835279908913
8127.184210765039; 13298.559764296968
8132.404101119904; 13309.139402937046
8138.576597967371; 13316.902807094075
8144.276195750996; 13321.510596382592
8149.977620169112; 13323.669553807185
8155.676553722013; 13329.167827409856
8161.376483621; 13333.330374541296
8167.078074096797; 13335.266710887352
8172.779996687956; 13336.757805076331
8178.481088990709; 13339.362004658002
8184.17470869782; 13351.9841527739
8189.872313789274; 13359.263395004878
8195.569586765367; 13366.987879392931
8201.270014837397; 13370.482563288757
8206.973099832321; 13370.415309927967
8212.673029731308; 13374.577857059407
8218.371631168848; 13380.521372819154
8224.072889529283; 13382.902951322287
8229.77281942827; 13387.065498453727
8235.475904423196; 13386.998245092938
8241.177328841311; 13389.157202517532
8246.876926624936; 13393.764991806049
8252.5761922932; 13398.818023251642
8258.279277288126; 13398.750769890852
8263.981698052328; 13399.574000844217
8269.688768431595; 13394.163841598507
8275.389528618987; 13397.213283337254
8281.087631883485; 13403.824662332618
8286.797193127968; 13395.07518690883
8291.086961200233; 13378.328165997862
8293.95112408145; 13361.37533734855
8294.916317746267; 13341.684425112293
8295.881821385423; 13321.577953529431
8296.091607589038; 13295.187693241322
8295.932026157634; 13254.272180784661
8296.766276224256; 13228.088694927823
8296.395493145195; 13270.072672914153
8297.869753236768; 13205.05050464075
8297.882373620521; 13188.131302671834
8297.89432977355; 13172.102585017072
8297.906618041941; 13155.628625205232
8297.918242079608; 13140.045149707546
8297.930308937759; 13123.868018000423
8297.7059373345; 13106.09823745381
8298.15364544814; 13079.311877703583
8297.502433646481; 13060.35240803754
8297.99097534387; 13042.537117307738
8297.526345952541; 13028.294972728014
8299.914587520121; 13012.238232839589
8300.88004687723; 12992.19112687767
8300.892003030258; 12976.162409222907
8300.903959183288; 12960.133691568144
8300.915915336316; 12944.104973913381
8300.927539373984; 12928.521498415696
8300.939052706532; 12913.086436970367
8300.95078744932; 12897.354547420322
8299.53597600753; 12882.678369576986
8300.974367640016; 12865.742354267873
8300.988316485216; 12847.04218367065
8300.999940522883; 12831.458708172962
8301.01123244519; 12816.320474832353
8299.595756772676; 12802.534781303171
8301.034812635886; 12784.708281679905
8299.619669078735; 12770.477345993646
8301.057728595857; 12753.986572841608
8300.754507270423; 12735.735380699283
8301.081973017277; 12721.483895375006
8299.667493690851; 12706.362475374593
8299.679449843881; 12690.33375771983
8301.118173591727; 12672.95250025364
8301.132122436928; 12654.252329656418
8299.71531830297; 12642.247604755541
8301.155370512262; 12623.085378661044
8300.533650554744; 12607.064133601925
8301.681853068596; 12172.124070508735
8301.705519609286; 12140.396114395446
8301.530992986596; 12119.51649900724
8301.544078331855; 12101.973958018416
8301.556344459223; 12085.529681017048
8301.568189907131; 12069.649377414644
8304.501515812468; 12597.110791884197
8302.61458577794; 12578.232680103218
8302.62713973862; 12561.402526565716
8302.799009438415; 12543.368351055198
8302.65155021772; 12528.677228020577
8302.663655822664; 12512.448151395129
8302.675711610302; 12496.285861093242
8302.526121316036; 12484.451708566528
8302.697382137667; 12467.233810343985
8302.710334636782; 12449.86936621799
8302.722788962854; 12433.172785327613
8302.733748769797; 12418.479794144081
8302.904290008144; 12402.226587261868
8302.757661075855; 12386.422358834554
8301.817608543935; 12372.408439780102
8301.829564696964; 12356.379722125339
8301.841520849994; 12340.351004470576
8301.853477003024; 12324.322286815812
8301.865433156052; 12308.29356916105
8301.877389309082; 12292.264851506287
8301.88934546211; 12276.236133851524
8301.90130161514; 12260.207416196761
8301.913257768168; 12244.178698541997
8301.925213921199; 12228.149980887234
8301.937170074227; 12212.121263232471
8301.949126227257; 12196.092545577709
8307.747196215692; 12918.200598399764
8307.129212555996; 12897.170379073532
8306.87047808329; 12861.754728146116
8307.806312750114; 12838.947494440103
8306.713453940172; 12817.410851079963
8307.558127684655; 12777.25312209316
8307.236983990939; 12752.689299102127
8307.594565484362; 12728.403696859596
8307.271357930898; 12706.606735844682
8307.014151188858; 12669.142970994713
8307.949952644145; 12646.380261504408
8307.97137408499; 12617.66214237296
8308.948457479764; 12879.361658000733
8308.627135867104; 12800.42470710841
8308.07698677008; 12688.45377719925
8308.955764017726; 12572.236233457665
8308.337846781102; 12551.116965700017
8308.824345969013; 12536.039914236237
8308.457956301741; 12517.52232405923
8308.281702679169; 12498.957967887822
8308.23241675946; 12480.08044768733
8308.558775455109; 12467.313102886643
8308.411626208754; 12452.206420505416
8308.425541842418; 12433.550774123902
8308.277385179465; 12419.79465961914
8308.447046312102; 12404.72134445318
8308.55669419884; 12385.151830760311
8307.518202673646; 12375.680502597388
8307.055399916808; 12358.989526153742
8307.067356069838; 12342.96080849898
8307.079312222866; 12326.932090844217
8307.091268375896; 12310.903373189452
8307.103224528924; 12294.87465553469
8307.115180681954; 12278.845937879927
8307.127136834983; 12262.817220225164
8307.139092988013; 12246.788502570402
8307.15104914104; 12230.759784915637
8307.16300529407; 12214.731067260875
8307.1749614471; 12198.702349606112
8310.275479760883; 13139.157363830707
8309.34168206828; 13116.758050817976
8309.353638221308; 13100.729333163214
8309.365594374338; 13084.700615508451
8309.377550527366; 13068.671897853686
8309.389506680396; 13052.643180198924
8309.401462833426; 13036.614462544161
8309.413418986454; 13020.585744889398
8309.425375139484; 13004.557027234636
8309.437331292513; 12988.528309579873
8309.449287445543; 12972.499591925109
8309.461243598571; 12956.470874270346
8309.473199751601; 12940.442156615583
8309.734574541433; 12590.036578996182
8311.660910063654; 13320.64981563612
8311.105878870809; 13300.175401746668
8311.118034293057; 13283.879538797659
8311.130920369098; 13266.60414310308
8311.143407906706; 13249.863037996995
8311.155696175098; 13233.389078185155
8311.165991751317; 13219.586571315776
8310.701030244627; 13205.789668893129
8311.18907376897; 13188.642241398942
8311.200199633595; 13173.72662913687
8310.736898703713; 13157.70351592884
8310.440983916242; 12917.278355554128
8310.45294006927; 12901.249637899364
8310.488808528358; 12853.163484935076
8310.499104104578; 12839.360978065695
8310.514713526589; 12818.43459668309
8310.538625832647; 12786.377161373563
8310.567519869133; 12747.641093707885
8310.59276063664; 12713.802689770053
8310.623315249937; 12672.840411318992
8310.647227555995; 12640.782976009466
8310.659183709024; 12624.754258354702
8313.117129648766; 13407.240385801146
8312.942476822238; 13386.529962432627
8312.954432975268; 13370.501244777864
8312.966389128296; 13354.472527123102
8312.978278858252; 13338.532857899754
8315.756490283804; 13436.808699501906
8320.972860215832; 13452.107905006997
8326.680926941186; 13445.362019290056
8332.390986358712; 13435.944680630655
8338.098056737981; 13430.534521384945
8343.331563822685; 13422.859231584876
8348.566332945764; 13413.492021587916
8354.264768325622; 13419.6581584262
8359.962539474758; 13426.714779578639
8365.659314277806; 13435.107127202307
8371.36046193312; 13437.6371197578
8377.060502537228; 13441.65125283688
8382.76308935911; 13442.251862711706
8388.46501195027; 13443.742956900685
8394.1654400223; 13447.237640796511
8399.868857132587; 13446.725145278646
8405.57144395447; 13447.325755153472
8411.273200487947; 13449.039470420988
8416.968314714188; 13459.658028830041
8422.667746440131; 13464.488439197097
8428.36966903129; 13465.979533386077
8434.074082487663; 13464.131311396979
8439.78281344374; 13456.494941365885
8445.482632637608; 13460.805902549684
8451.182507184036; 13465.042656707305
8456.885094005918; 13465.64326658213
8462.585522077947; 13469.137950477954
8468.285119861574; 13473.745739766471
8473.987540625774; 13474.568970719836
8479.693614658958; 13470.494537945355
8485.393378500263; 13474.879706155334
8491.099120418085; 13471.250515537931
8496.802537528372; 13470.738020020064
8500.129337108745; 13470.698788892938