11646.556455204116; 7692.410421505379
11655.310486085073; 7681.402799361185
11663.617213146492; 7678.921448402752
11672.807035582093; 7668.949930098852
11681.550600767694; 7666.635376160163
11690.727410855403; 7640.582204960847
11690.349634138684; 7618.247560732297
11699.046626979947; 7654.617160308106
11707.800657860904; 7643.609538163911
11716.548583752903; 7637.672872472928
11725.309330121714; 7621.0871982302015
11734.053331377954; 7618.410433116283
11743.243363127463; 7608.265053448273
11751.556683576957; 7600.307069520371
11760.307574749306; 7591.907367837829
11769.054279643513; 7586.984893437488
11777.804647531095; 7579.01984516522
11786.551962924199; 7573.590275119559
11795.301197028117; 7566.566975902888
11798.958957555218; 7553.46850405825
11806.971493920166; 7553.3389910782125
11816.450274204562; 7545.362168898669
11824.47013655626; 7539.1475081747785
11833.227307145822; 7525.531965568933
11841.972442185726; 7521.913451399418
11850.725949781916; 7511.340482665499
11859.502481907888; 7481.6427638794685
11859.54626340013; 7445.276761886439
11868.237805358396; 7486.174001152614
11871.137718720494; 7497.536557543236
11879.888609892843; 7489.136855860693
11888.636884641355; 7482.910421229526
11897.386729244168; 7475.380026367534
11906.13971355559; 7465.241711043891
11914.79499312536; 7449.827143439373
11923.641495900289; 7448.442307678805
11932.383491231587; 7447.431713970942
11941.137522112544; 7436.424091826747
11949.886669002333; 7429.473234845122
11958.638781172474; 7420.059341871937
11967.387579205753; 7413.398253830495
11976.145796364854; 7398.913404404098
11984.176857010581; 7383.397160700318
11987.858217680712; 7350.695820052266
11991.933323974394; 7293.452407440538
11992.100225651091; 7255.657331099225
11990.171397996886; 7244.387739518139
11998.76508134286; 7366.568788617538
11997.38801822997; 7300.340290370886
12008.225245771642; 7374.054761508537
12016.972997235385; 7368.262980287646
12025.722841838198; 7360.732585425654
12034.473471368165; 7352.550210448248
12043.22200775906; 7346.106449111944
12051.97970163339; 7332.056253095823
12060.731639375277; 7322.78724459273
12069.48113512158; 7315.546618670922
12078.230805296136; 7308.1611082790205
12086.98239418151; 7299.181868716111
12094.038191562617; 7287.042643261493
12096.272268664721; 7246.439669913975
12097.195990871545; 7199.441689485084
12103.084738628788; 7234.739022505391
12105.955740507463; 7270.11617981372
12114.694334487769; 7271.930833272646
12123.44051609721; 7267.443012282581
12132.197686686774; 7253.827469676735
12140.958258627328; 7237.3866799041
12145.72276643838; 7212.534905121116
12154.797309239631; 7237.814955781267
12162.815601737024; 7232.904255288203
12171.566841765885; 7224.214784665476
12180.313197803582; 7219.582079205319
12189.067054256282; 7208.719341531217
12197.813584722233; 7203.941751600967
12206.560638472953; 7198.729508260443
12215.755065814512; 7184.933039946121
12223.918936134314; 7180.106915353657
12232.817498268145; 7170.053175930613
12241.57030815131; 7160.059745077061
12249.879302780057; 7155.694896007435
12259.079067626248; 7137.464962908305
12267.821760670568; 7135.874831320075
12275.839669425799; 7131.282876661212
12285.468527781606; 7119.652611053902
12294.077922752736; 7107.778036870612
12302.833000203229; 7095.901107905867
12311.576914245341; 7093.296785026994
12320.331642839321; 7081.709625002433
12329.083231724695; 7072.730385439523
12337.82871562111; 7068.822102329825
12346.581961574915; 7058.466460301043
12355.333114389648; 7049.849431913362
12364.082435707696; 7042.753690461646
12372.836466588653; 7031.746068317451
12381.584741337163; 7025.5196336862855
12390.334062655209; 7018.4238922345685
12399.083628172813; 7011.125312524723
12407.835321715142; 7002.059142279758
12416.454031155137; 6982.447737393569
12418.800492382545; 6969.50085460511
12426.788870434046; 6989.43784073278
12435.394637297451; 6980.5768635274
12445.023338667828; 6969.076993943171
12453.042416092374; 6963.514313334694
12461.7969702581; 6952.0720377802245
12470.546291576145; 6944.9762963285075
12479.291426616048; 6941.357782158992
12488.04441092747; 6931.219466835349
12496.794604386796; 6923.399303033173
12505.542530278795; 6917.46263734219
12515.023142059878; 6907.964528226683
12522.968735352028; 6877.007351776019
12531.799913358755; 6888.3516516020845
12540.549932389826; 6880.67637227
12549.295939571008; 6876.333435750026
12558.048051741149; 6866.919542776841
12566.800687196059; 6857.070996393381
12574.818421523034; 6852.62392620461
12584.300027545176; 6842.2999756095805
12593.051442002292; 6833.465620516762
12599.43708602407; 6801.757507063341
12606.906714442399; 6820.419640675396
12616.38784950825; 6810.486878149614
12625.139787250135; 6801.217869646522
12633.88614328783; 6796.585164186364
12642.639999740531; 6785.722426512261
12652.127675865979; 6770.356496358038
12660.153294350122; 6759.360648121121
12668.889533548972; 6763.131241926285
12677.795840297367; 6746.644632031167
12686.396548741352; 6741.985304458447
12695.147614341957; 6733.440718305812
12703.897807801284; 6725.620554503636
12712.647477975841; 6718.235044111736
12721.397758649295; 6710.342438074515
12730.145597327166; 6704.478214618577
12738.894569788701; 6697.6722421070435
12752.021691474376; 6684.420709467817
12760.77938534871; 6670.370513451696
12769.527311240707; 6664.4338477607125
12778.27593484573; 6657.917644189362
12787.026477161568; 6649.807711447003
12795.784171035899; 6635.757515430882
12803.081202694973; 6624.918325571332
12808.213841340192; 6596.8007632576455
12811.158103086364; 6571.326443127439
12813.414988427216; 6511.778376470724
12816.116051833256; 6486.635419878683
12823.61943211911; 6506.0731596325495
12832.363171732966; 6503.613721223768
12841.10830677287; 6499.995207054253
12849.855011667078; 6495.072732653913
12858.595437144071; 6495.366099176875
12867.352084448867; 6482.185209981304
12877.566079832057; 6468.546119560906
12886.3138312958; 6462.754338340015
12895.063152613846; 6455.658596888298
12903.810904077589; 6449.866815667407
12912.563190675986; 6440.30803822413
12921.315302846127; 6430.894145250945
12930.065496305453; 6423.07398144877
12938.817608475594; 6413.660088475584
12947.566406508873; 6406.999000434143
12957.781971746368; 6392.055949782919
12966.529723210111; 6386.264168562027
12975.285498373627; 6373.807701716916
12984.03324983737; 6368.0159204960255
12992.793908992051; 6351.502688488345
13001.556312429293; 6333.540611779746
13010.317407654617; 6316.665168596835
13019.076933025635; 6301.093685644751
13027.841080745437; 6281.682764235235
13035.275048552754; 6243.53323955478
13038.364162998156; 6212.983650544213
13041.44693822237; 6173.294201580126
13044.26472204016; 6152.0379818474685
13045.769689032426; 6112.026320287594
13045.571887390188; 6074.650051639681
13045.609563893471; 6043.355006099862
13046.37157117238; 6015.438483252914
13046.991914798942; 5984.186176996509
13047.184912687011; 5944.882460857965
13046.975337137497; 5917.285893941245
13047.498831219229; 5885.8091377658
13047.289046355809; 5858.38643221319
13047.57397491189; 5823.392908050273
13052.466059549339; 5793.410260708162
13051.791650140565; 5748.565802675032
13051.829326643849; 5717.270757135214
13051.868416016005; 5684.802147387652
13051.905464577567; 5654.028685940164
13051.945495862306; 5620.777700054108
13051.98317236559; 5589.48265451429
13052.020848868873; 5558.187608974471
13052.058525372157; 5526.892563434652
13052.09620187544; 5495.597517894835
13052.133878378723; 5464.302472355017
13052.171554882007; 5433.007426815198
13052.20923138529; 5401.71238127538
13052.246907888573; 5370.417335735562
13052.284584391857; 5339.1222901957435
13052.32226089514; 5307.827244655926
13052.359466442133; 5276.923387185355
13052.397613901707; 5245.237153576289
13051.699552021428; 5220.039029687599
13052.465902563908; 5188.514883535368
13052.358681514981; 5156.570212661592
13052.541778855242; 5125.490139045456
13052.271846145508; 5090.40623612764
13052.617393504193; 5062.682721260682
13052.297954317673; 5025.504008965273
13053.425083543332; 4996.820955696706
13052.197065014438; 4958.048743167372
13052.833405456353; 4883.257793499059
13054.969035250802; 4924.427615071323
13054.084872375694; 4811.799320734576
13053.924708364157; 4754.684595527719
13052.311271915016; 4711.929193075829
13052.35365798121; 4676.722266843533
13052.390287914957; 4646.296528124266
13055.536903880848; 4856.092249704536
13056.866316309006; 5941.466135512805
13057.232416299905; 5867.860339408185
13056.595404309206; 4783.57636232759
13058.578569853702; 5798.42288399188
13057.99158039824; 5741.467804557754
13057.710314835535; 5672.581125982764
13057.759712917617; 5631.549844052781
13057.804192122883; 5594.604304179384
13057.835589208951; 5568.5250995628685
13057.14799302403; 5534.633907468675
13057.185669527313; 5503.338861928856
13057.223346030596; 5472.0438163890385
13057.26102253388; 5440.748770849221
13057.298699037163; 5409.453725309402
13057.336375540446; 5378.158679769584
13057.37405204373; 5346.863634229765
13057.411728547013; 5315.568588689947
13057.449405050296; 5284.27354315013
13057.48708155358; 5252.978497610311
13057.524758056863; 5221.683452070492
13057.562434560146; 5190.388406530674
13057.60011106343; 5159.093360990856
13057.637787566713; 5127.798315451038
13057.675464069998; 5096.50326991122
13057.71314057328; 5065.208224371401
13057.750817076565; 5033.9131788315835
13057.788493579848; 5002.618133291765
13057.826170083132; 4971.323087751947
13059.783673742613; 6249.495321934486
13058.526325102483; 6204.834144391287
13058.564001605766; 6173.539098851469
13058.60167810905; 6142.244053311651
13058.639354612333; 6110.949007771833
13058.677031115616; 6079.653962232014
13058.7147076189; 6048.358916692196
13058.752384122183; 6017.063871152378
13058.790060625466; 5985.76882561256
13058.884251883675; 5907.531211763015
13058.240611619249; 5837.129133205699
13059.117113605356; 5714.110444190526
13065.6646619343; 6325.810845421212
13062.061636993913; 6293.444570551058
13074.424239633796; 6310.1958971281
13083.181584651615; 6296.435470052162
13091.933522393501; 6287.166461549069
13100.686332276666; 6277.173030695517
13109.437223449017; 6268.7733290129745
13118.337774064963; 6257.067906630884
13126.946331780466; 6245.888777904035
13135.695653098512; 6238.793036452318
13144.448114125164; 6229.089374538949
13153.200400723563; 6219.530597095672
13162.392909354305; 6207.327857952361
13170.700787642214; 6203.890269491321
13179.456388377474; 6191.578687116302
13186.012099948795; 6191.472721950817
13187.430201669602; 6223.613526496633