5361.451750593896; 13686.07767094731
5365.0257604726075; 13724.551270157805
5368.5997703513185; 13755.807086655284
5372.17378023003; 13796.987354383158
5375.747790108742; 13828.243170880636
5379.321799987454; 13863.107878734623
5382.895809866166; 13896.168140910357
5386.469819744877; 13928.326180246964
5390.043829623589; 13963.19088810095
5393.617839502301; 13993.544481759302
5397.191849381013; 14024.123631127437
5400.666581207538; 14054.260613044673
5404.3398691384355; 14101.747496677768
5407.913879017147; 14129.39442181874
5411.487888895859; 14171.47691238574
5415.061898774571; 14200.02606036584
5418.848647336539; 14233.582712802505
5422.209918531994; 14274.266590269446
5425.783928410706; 14298.304624053912
5429.357938289418; 14333.169331907899
5432.931948168129; 14367.131816922758
5436.5059580468405; 14401.996524776743
5440.079967925552; 14431.44789559597
5443.653977804264; 14466.011862503581
5447.227987682976; 14501.177311303943
5450.801997561687; 14536.944241997056
5454.376007440399; 14575.417841207549
5457.950017319111; 14610.282549061536
5461.524027197823; 14644.245034076395
5465.098037076535; 14670.98973637824
5468.672046955246; 14708.561112749609
5472.2460568339575; 14740.719152086214
5475.820066712669; 14776.486082779327
5479.096242434822; 14804.791395813685
5482.968086470092; 14841.704384291666
5486.542096348804; 14876.569092145653
5490.116106227516; 14900.607125930119
5493.690116106228; 14937.276279462358
5497.476864668196; 14975.859602002729
5500.625397180394; 15012.695975806268
5504.511423794549; 15038.553308645522
5507.986155621074; 15081.246225073937
5511.560165499786; 15123.328715640939
5515.134175378497; 15147.366749425404
5518.708185257209; 15184.035902957643
5522.282195135921; 15214.389496615997
5525.856205014633; 15249.254204469982
5529.430214893345; 15280.510020967462
5533.004224772056; 15316.276951660577
5536.578234650768; 15343.02165396242
5539.85441037292; 15361.222071198557
5543.938993091448; 15402.420785861805
5547.300264286902; 15442.202440489618
5550.7253570873345; 15466.479445936864
5554.448284044326; 15511.931856197592
5558.022293923038; 15539.578781338565
5561.44738672347; 15564.306898205374
5565.170313680461; 15602.090414333525
5568.744323559173; 15634.24845367013
5572.318333437885; 15666.406493006736
5575.892343316596; 15698.564532343342
5579.168519038749; 15730.523847876164
5583.338197230579; 15761.951556271433
5586.614372952731; 15796.843096031414
5590.188382831443; 15827.196689689767
5593.762392710155; 15857.55028334812
5597.336402588866; 15896.023882558613
5600.761495389298; 15918.04533090804
5604.697161029546; 15963.027464102066
5607.845693541744; 15989.037163836083
5611.632442103713; 16025.558262744165
5615.206451982424; 16059.520747759025
5618.993200544393; 16086.24628441373
5622.354471739848; 16116.619043719224
5625.92848161856; 16152.385974412337
5629.502491497271; 16187.250682266322
5633.076501375983; 16213.995384568168
5636.650511254695; 16245.251201065646
5640.224521133407; 16273.800349045747
5643.7985310121185; 16302.349497025847
5647.372540890829; 16343.529764753719
5650.946550769541; 16376.590026929453
5654.520560648253; 16414.16140330082
5658.094570526965; 16440.906105602666
5661.668580405676; 16479.37970481316
5665.242590284388; 16506.124407115003
5668.8166001631; 16536.478000773357
5672.390610041812; 16557.80936604044
5675.964619920524; 16591.771851055302
5679.5386297992345; 16623.929890391908
5683.112639677946; 16657.89237540677
5686.686649556658; 16685.53930054774
5690.26065943537; 16713.18622568871
5693.834669314081; 16742.63759650794
5697.62141787605; 16778.256472576893
5700.684854914945; 16789.83827314374
5704.556698950217; 16836.40504600038
5708.130708828929; 16864.954193980477
5711.70471870764; 16885.383336408435
5715.2787285863515; 16917.54137574504
5718.852738465063; 16946.090523725143
5722.426748343775; 16979.150785900874
5726.000758222486; 16984.242140063678
5728.681265631521; 16946.107293666388
5728.681265631521; 16881.147249249265
5728.681265631521; 16816.18720483214
5728.562131968896; 16734.63699293748
5731.0639388839945; 16663.797630718127
5730.766104727436; 16583.22588899547
5730.766104727436; 16518.265844578345
5730.766104727436; 16454.02757843252
5730.766104727436; 16388.345755744096
5730.4682705708765; 16325.216988911223
5730.978843410692; 16262.273170573251
5730.4682705708765; 16195.296900076974
5730.617187649156; 16117.466764249295
5730.6668266752495; 16052.006025286319
5730.766104727436; 15998.765933809174
5730.4682705708765; 15915.607819947687
5730.723556990784; 15817.113642729288
5730.7991974114975; 15720.69787346743
5730.766104727436; 15636.794130751532
5730.723556990784; 15558.304576876933
5730.6006413071245; 15450.850885523745
5733.879825455101; 16775.69298015531
5734.637948762706; 16661.821572641107
5734.042280449587; 16589.06585333557
5733.744446293029; 16533.335313783537
5734.24083655396; 16459.669210267468
5734.042280449587; 16390.937717863344
5734.042280449587; 16322.729671225361
5734.042280449587; 16259.93496162214
5734.042280449587; 16196.057584611968
5733.744446293029; 16135.455041728648
5734.24083655396; 16065.939163272564
5733.744446293029; 16005.5349528944
5733.744446293029; 15940.574908477276
5733.744446293029; 15875.614864060151
5733.545890188656; 15799.846033510838
5736.573870780342; 17087.270789610164
5735.829285388943; 16981.552241487545
5735.829285388943; 16916.592197070422
5735.829285388943; 16851.632152653296
5736.127119545503; 16768.600819547642
5736.424953702062; 16703.61394322452
5736.424953702062; 16627.827224737877
5740.296797737334; 17152.57210233168
5743.870807616045; 17179.316804633523
5747.4448174947565; 17208.76817545275
5751.018827373468; 17241.828437628483
5754.59283725218; 17271.27980844771
5758.166847130891; 17300.731179266935
5761.740857009603; 17329.280327247034
5765.0170327317555; 17350.638524420116
5768.888876767027; 17384.57417752898
5772.462886645739; 17424.85222241773
5776.03689652445; 17442.574696328305
5779.568358666511; 17469.19434278256
5783.1849162818735; 17501.477437966758
5786.546187477328; 17534.299087835592
5790.332936039296; 17561.282402444336
5793.906945918008; 17590.73377326356
5797.48095579672; 17616.57625272628
5801.054965675432; 17646.929846384635
5804.628975554144; 17677.283440042986
5808.075342222901; 17708.67964490577
5811.776995311567; 17737.990627359693
5815.351005190279; 17769.246443857173
5818.92501506899; 17800.50226035465
5822.499024947701; 17829.05140833475
5826.073034826413; 17859.405001993102
5829.647044705125; 17892.465264168837
5833.221054583837; 17916.503297953303
5836.795064462549; 17941.443554576894
5840.36907434126; 17978.112708109133
5843.943084219972; 17999.44407337622
5847.219259942124; 18019.22338058083
5851.0911039773955; 18056.542369336417
5854.6651138561065; 18086.89596299477
5858.239123734818; 18118.15177949225
5861.780040929469; 18144.297981224234
5865.387143492242; 18178.858966808955
5868.961153370954; 18203.799223432547
5872.535163249666; 18234.1528170909
5876.109173128377; 18260.897519392747
5879.683183007089; 18287.642221694594
5883.257192885801; 18312.582478318185
5886.831202764512; 18348.349409011298
5890.405212643223; 18376.898556991397
5893.979222521935; 18407.25215064975
5897.553232400647; 18432.19240727334
5900.978325201079; 18453.537188493425
5904.701252158071; 18489.591444179918
5908.275262036782; 18520.54651973102
5911.849271915494; 18547.291222032865
5915.423281794206; 18569.52481013908
5918.9972916729175; 18605.291740832192
5922.5713015516285; 18631.13422029491
5926.14531143034; 18658.78114543588
5929.719321309052; 18681.91695638122
5933.293331187764; 18715.879441396082
5936.867341066476; 18738.113029502292
5940.441350945187; 18774.782183034535
5944.015360823899; 18801.526885336378
5947.589370702611; 18832.782701833858
5951.163380581323; 18850.505175744438
5954.638112407847; 18878.762526746825
5958.098661655489; 18912.391529501445
5961.672671534201; 18941.456233389617
5965.587063306123; 18969.716938380257
5969.033429974881; 19012.197595266596
5972.820178536849; 19034.798684656722
5975.968711049048; 19062.355052114955
5978.167010776033; 18993.33029336684
5979.9043766892955; 18901.14704432427
5979.8150264423275; 18803.71502727038
5978.861957141337; 18746.058627665458
5979.2023390345485; 18673.850135499895
5980.819153027299; 18593.277754922332
5980.648962080693; 18508.61302953915
5982.733801176609; 18944.198837495387
5982.733801176609; 18879.23879307826
5982.555100682674; 18805.63350854912
5983.031635333168; 18749.291872338017
5983.627303646286; 18678.86482707414
5983.984704634157; 18428.736457781015
5983.627303646286; 18354.064604988518
5983.925137802846; 18292.686620021905
5983.627303646286; 18224.14451615427
5983.7123991195895; 18155.56791412178
5984.222971959405; 18041.841838838674
5983.925137802846; 17961.811430819493
5983.925137802846; 17896.610793645268
5984.818640272524; 18611.632120219125
5984.520806115965; 18539.39090271107
5983.329469489728; 18489.42486276352
5984.222971959405; 18110.410774612308
5984.733544799221; 17824.23124807898
5984.520806115965; 17754.90814409038
5984.222971959405; 17697.553603427918
5984.733544799221; 17629.35111482761
5984.520806115965; 17556.4191194825
5984.520806115965; 17491.459075065377
5984.520806115965; 17422.890139291747
5984.520806115965; 17356.125649196365
5984.520806115965; 17296.578941814005
5984.520806115965; 17226.506301308495
5984.620084168151; 17129.117438903417
5984.759073441212; 17008.207056904303
5985.414308585642; 16907.82084700022
5985.414308585642; 16837.086576412683
5984.818640272524; 16778.676200249265
5984.818640272524; 16687.551693497466
5986.903479368439; 18830.14311308147
5987.499147681558; 18751.596062265453
5987.499147681558; 18687.538240687452
5987.499147681558; 18388.902480936507
5986.307811055321; 18305.103084521706
5986.307811055321; 18240.14304010458
5986.307811055321; 18175.182995687457
5986.307811055321; 18045.262906853208
5986.307811055321; 17980.302862436085
5986.307811055321; 17915.34281801896
5988.307554677933; 18622.76314476523
5988.392650151236; 18543.102090709188
5988.392650151236; 18479.495380550754
5986.60564521188; 18110.196119364336
5986.60564521188; 17850.355941695838
5986.60564521188; 17785.395897278715
5986.60564521188; 17720.435852861592
5986.60564521188; 17655.475808444466
5986.60564521188; 17590.515764027343
5986.60564521188; 17525.555719610216
5986.60564521188; 17433.52899001929
5986.60564521188; 17309.022238219804
5986.60564521188; 17202.55994320285
5986.60564521188; 17117.390107189287
5986.60564521188; 17016.702038342744
5990.4774892471505; 18723.358835192557
5990.179655090591; 18422.04323883023
5991.817742951667; 19022.821185347606
5990.77532340371; 18943.474376033486
5990.77532340371; 18878.51433161636
5990.77532340371; 18813.554287199237
5990.77532340371; 18627.69638233913
5990.4774892471505; 18553.740941436736
5990.4774892471505; 18488.78089701961
5994.647167438981; 19116.352346367865
5993.753664969303; 19026.57144730883
5998.221177317692; 19155.728168417485
6001.795187196404; 19188.788430593217
6005.369197075116; 19218.239801412445
6008.943206953828; 19244.984503714288
6012.517216832539; 19281.65365724653
6016.091226711251; 19307.496136709247
6019.665236589963; 19334.240839011094
6023.2392464686745; 19362.789986991193
6026.813256347386; 19391.33913497129
6030.685100382657; 19413.545891171507
6033.961276104809; 19452.948545127125
6037.535285983521; 19475.182133233335
6041.109295862233; 19496.513498500422
6044.683305740944; 19516.94264092838
6048.257315619656; 19532.860669160706
6051.831325498368; 19540.65869184089
6055.40533537708; 19565.59894846448
6058.9793452557915; 19567.08141127078
6062.553355134502; 19581.19499382485
6066.127365013214; 19606.135250448446
6069.701374891926; 19625.662170037278
6071.786213987842; 19634.49657508657