10903.12658422298; 16041.498076903754
10911.521613885141; 16011.390266793209
10919.912248901204; 15994.41930948559
10928.302883917266; 15977.44835217797
10936.69257722345; 15963.292434756691
10945.085095659268; 15940.691397676388
10953.474788965452; 15926.53548025511
10961.86950472432; 15897.366016773345
10970.259511933797; 15882.271752723287
10978.649833046566; 15866.239142044447
10987.042665385678; 15842.699758335366
10995.43204478857; 15829.482187542868
11003.824877127681; 15805.942803833785
11012.217395563499; 15783.341766753483
11020.609704730456; 15761.366294092368
11029.001804628551; 15740.01638585044
11037.389928418272; 15730.552201573064
11045.786475279681; 15695.909049423413
11054.177476516252; 15677.843354382216
11062.571250565241; 15651.488930786792
11070.96157167801; 15635.456320107953
11079.35178815635; 15619.736491638707
11087.746608549649; 15590.25424594735
11096.136929662418; 15574.22163526851
11104.52976200153; 15550.682251559427
11112.920710920884; 15532.772947623027
11121.31291545341; 15511.110257171506
11129.707317308985; 15482.879140318522
11138.10046355139; 15458.401409980659
11146.493923697088; 15432.985333014016
11153.631268426388; 15402.70196127615
11158.400087250331; 15350.859487173382
11166.073641584362; 15388.694699485668
11174.464590503718; 15370.785395549268
11182.860247972463; 15338.800892181162
11191.250882988526; 15321.829934873542
11199.645598747395; 15292.660471391777
11207.344893151434; 15253.551260144071
11210.8610494952; 15186.519678353496
11215.070963506347; 15134.401081461398
11215.7927841281; 15065.425877746908
11217.217355746567; 14984.480028016336
11219.8662025241; 14492.99706475125
11217.937999230971; 14919.023624159774
11217.960600268052; 14851.462666887584
11218.971243309492; 14754.615877698665
11220.398122117162; 14666.773180246557
11220.42863351722; 14575.565887929102
11223.27109061402; 14433.660971660982
11225.76385944266; 14501.57305218781
11227.67301926936; 14643.056889610329
11225.741007282946; 14569.884686763024
11230.581396057643; 14721.84975513153
11238.959788845286; 14741.474316346346
11247.345715311958; 14738.578558470434
11255.73635032802; 14721.607601162814
11264.124160214447; 14713.081763514218
11272.52044548978; 14679.22056688855
11280.914847345353; 14650.989450035566
11289.309877007516; 14620.88163992502
11297.698837872682; 14608.915197970897
11306.086438490247; 14601.014924741488
11314.481154249115; 14571.845461259723
11322.877439524449; 14537.984264634057
11331.271841380023; 14509.753147781073
11339.665929332306; 14482.460377556868
11348.060645091175; 14453.290914075104
11356.45504694675; 14425.059797222119
11364.843798543056; 14413.718919687182
11373.235061365704; 14394.871269122
11381.6285215114; 14369.455192155358
11390.021981657097; 14344.039115188716
11398.418580835723; 14309.239571934268
11406.813610497884; 14279.131761823723
11415.208954063337; 14248.085605084398
11423.603355918913; 14219.854488231413
11431.992421418512; 14207.575264067695
11440.383998144453; 14187.789266873735
11448.780283419785; 14153.928070248068
11457.179393824752; 14111.621753963378
11463.703559861931; 14004.587777933339
11462.08758571069; 14060.90395051532
11465.634065112541; 13903.228084384556
11467.059437184405; 13819.889450750596
11467.08100234062; 13755.425037353383
11467.804392478836; 13681.75810049499
11468.52699785882; 13610.43703020855
11468.5495988959; 13542.87607293636
11468.571446565078; 13477.567147573245
11468.594016211828; 13410.100024963935
11469.099557464853; 13291.394692090462
11469.16453544646; 13097.15693993292
11468.730407192543; 13002.388414758854
11470.063868380279; 13193.797674031792
11470.154272528602; 12923.553844943039
11470.416067874781; 12837.223712928864
11471.830516112057; 12786.53954197646
11470.221133929963; 12723.686013012813
11471.416163765585; 12632.65517918923
11470.96665425032; 12583.865638825406
11472.161997989235; 12491.896458373041
11473.117833515757; 12419.634799291442
11471.733990849527; 12378.830173937757
11474.21029545046; 12287.083248227515
11474.588156539146; 12201.924928416129
11474.610443672935; 12135.302317772721
11474.633044710014; 12067.741360500531
11474.655645747094; 12000.180403228343
11474.678246784175; 11932.619445956156
11474.700847821256; 11865.058488683968
11474.723448858336; 11797.497531411778
11475.1634157135; 11735.562618012793
11474.340361279825; 11689.404035675754
11480.368775362382; 13123.992948835177
11479.905207463935; 13017.763510147633
11479.224822076829; 12962.876958863111
11478.548674384178; 12895.322728090054
11478.571275421256; 12827.761770817866
11478.593876458337; 12760.200813545678
11478.616477495418; 12692.639856273488
11478.639078532498; 12625.0788990013
11478.433157972433; 12544.383331092562
11478.934147627713; 12439.284024336404
11478.72948268082; 12354.835069912548
11481.680173632969; 13281.890148818298
11480.539449067; 13210.587015862873
11479.454599287146; 12276.007226595862
11479.492267682279; 12163.405631142214
11484.155345939884; 13740.582296324403
11483.185026018566; 13657.213105165818
11482.511389552255; 13582.152101362517
11482.533990589336; 13514.59114409033
11482.556591626417; 13447.030186818141
11482.579192663497; 13379.469229545952
11487.845234303208; 13930.038564621065
11486.622894881115; 13824.205172593072
11494.952318755084; 13990.211807897631
11503.338245221754; 13987.316050021716
11511.729508044402; 13968.468399456537
11520.123595996685; 13941.175629232333
11528.518625658846; 13911.067819121787
11536.9139692243; 13880.021662382462
11545.307429369997; 13854.605585415818
11553.700575612402; 13830.127855077955
11562.096233081149; 13798.14335170985
11570.490007130138; 13771.788928114427
11578.88283946925; 13748.249544405344
11587.274102291898; 13729.401893840164
11595.669131954059; 13699.29408372962
11604.062592099755; 13673.878006762974
11612.45573834216; 13649.400276425113
11620.849512391149; 13623.045852829688
11629.242030826968; 13600.444815749386
11637.637688295716; 13568.460312381281
11646.033659667755; 13535.537462384395
11654.42806152333; 13507.30634553141
11662.824032895369; 13474.383495534523
11671.220632073995; 13439.583952280076
11679.611580993349; 13421.674648343676
11688.007238462096; 13389.690144975571
11696.403314468567; 13356.45451276909
11702.317775676733; 13281.642869897863
11708.993557004327; 13318.174006214329
11717.38984227966; 13284.312809588662
11725.78801097475; 13244.821533190314
11734.182988319695; 13214.870114184565
11742.578698105655; 13182.729219711662
11750.973727767818; 13152.621409601117
11759.367187913514; 13127.205332634474
11767.76253147897; 13096.159175895147
11776.158188947715; 13064.174672527042
11784.554474223047; 13030.313475901376
11792.947934368745; 13004.897398934732
11801.343905740783; 12971.974548937846
11809.741760532579; 12933.421619168279
11818.138045807911; 12899.56042254261
11826.53401717995; 12866.637572545724
11834.930616358577; 12831.838029291277
11843.327529440494; 12796.100139408049
11851.723814715826; 12762.238942782384
11860.120727797745; 12726.501052899155
11867.125008921235; 12676.232243268094
11870.844023025797; 12599.587389151544
11871.365057648487; 12534.03237001308
11879.715513043073; 12637.16978118935
11888.109182457632; 12611.128139803519
11896.509339206908; 12565.694001422893
11904.904682772363; 12534.647844683568
11913.299398531231; 12505.478381201803
11921.70102016254; 12455.665291886871
11930.098247147751; 12418.989055374863
11938.49202119674; 12392.634631779438
11946.888934278659; 12356.896741896211
11955.284905650698; 12323.973891899324
11963.68119092603; 12290.112695273658
11972.08155694417; 12244.052992473846
11980.478470026086; 12208.315102590619
11988.878731409794; 12162.5681820004
11996.581395042509; 12113.387383603784
11996.88575567519; 12039.067640004725
12001.517838224798; 11978.21838356549
12001.551739780418; 11876.876947657209
12009.175116673097; 12064.70686858004
12006.41284617244; 11966.911138526208
12018.259870345324; 12061.5697975478
12026.655527814071; 12029.585294179695
12035.051342234465; 11997.131617497198
12043.448098364735; 11961.862900928361
12051.843441930188; 11930.816744189036
12060.241296721986; 11892.263814419468
12068.635384674268; 11864.971044195263
12077.029786529843; 11836.739927342278
12085.42764132164; 11798.18699757271
12093.824240500264; 11763.387454318261
12102.220211872303; 11730.464604321376
12108.249352416768; 11670.915580164172
12110.640039894595; 11626.22741053718
12107.642263448528; 11536.175282337164
12119.012154616383; 11664.618904327603
12127.407184278543; 11634.511094217058
12135.801376865258; 11606.90554178326
12144.195046279816; 11580.863900397431
12152.176728086042; 11533.119209565293
12153.316089414855; 11469.247256602259
12162.383544773482; 11517.819787291737
12170.779830048814; 11483.95859066607
12179.173290194512; 11458.542513699427
12187.56800595338; 11429.373050217662
12195.964919035297; 11393.635160334436
12204.360262600752; 11362.589003595109
12212.755292262913; 11332.481193484564
12221.150635828366; 11301.435036745239
12229.548804523456; 11261.94376034689
12237.944148088909; 11230.897603607566
12246.336038718142; 11210.173259784824
12254.73295180006; 11174.435369901596
12262.429107171172; 11144.709624941694
12267.75353482334; 11102.995913230447
12275.723978891683; 11088.84403170865
12284.122147586773; 11049.352755310298
12292.519374571983; 11012.676518798293
12299.514866403275; 10988.68141477308