6950.539315505806; 35882.583607679946
6956.265775957404; 35897.90986056976
6961.979445974043; 35910.8738800031
6967.685807170706; 35922.48805174702
6973.383032342398; 35932.41491387918
6978.598880358387; 35940.29405021449
6984.8030635557; 35956.993105056456
6990.529524007298; 35972.31935794627
6996.306141235985; 35979.53761707526
7001.920319940694; 35991.49815836589
7007.624853932362; 36002.77486818746
7013.344005563984; 36016.75127338786
7019.0339219156995; 36025.32828783061
7025.673071261865; 36035.50353564166
7031.361160408585; 36043.74308816206
7037.065694400254; 36055.01979798364
7042.799463671829; 36071.69589856286
7048.472935178597; 36077.23575570443
7054.162851530313; 36085.81277014718
7059.84911347204; 36093.714860745225
7065.553647463708; 36104.9915705668
7071.27279909533; 36118.9679757672
7076.970024267022; 36128.89483789936
7082.658113413743; 36137.13439041976
7088.337066535494; 36143.68663332839
7094.041600527163; 36154.96334314997
7099.735171288867; 36164.21528143742
7105.39767956567; 36167.730367044875
7110.0406074557495; 36156.65493527344
7112.671782647295; 36121.4603975795
7116.311574995599; 36098.831605730345
7119.457565194239; 36071.86034701233
7122.168223803028; 36051.34540294075
7125.295941951727; 36020.999524999206
7127.940821180728; 35988.335951722926
7130.5802187947465; 35954.659992679575
7134.199911888114; 35928.31911968454
7138.4530512728215; 35888.68293215066
7140.352640992793; 35866.02995267539
7139.842777711231; 35841.34987197963
7139.6765020567655; 35810.64083704551
7139.762609092114; 35783.11542131287
7138.007807095878; 35763.023589397744
7137.379705379146; 35733.87767123593
7139.776998331442; 35713.392419245516
7139.474139103666; 35686.41031149784
7139.501429715399; 35654.22628164654
7138.220493757194; 35628.59092186552
7138.070845668175; 35600.95279042481
7136.870828788281; 35581.9901140959
7140.197986362089; 35559.52599909684
7140.028056297636; 35528.142040318
7141.08162269725; 35491.10493768796
7142.240070663527; 35473.43814940098
7144.764110735583; 35881.692388444055
7143.630573664059; 35846.05549584108
7143.436524493683; 35810.21703968718
7143.899325065278; 35750.92949084208
7143.97898511234; 35701.94685284242
7143.609560806626; 35668.4614484399
7143.474347637061; 35643.489266185774
7143.94759373054; 35615.0830805458
7143.6566113352255; 35590.294475293435
7146.509791933557; 35943.52803175363
7145.39154247715; 35910.714570567674
7144.263700194524; 35789.2728166423
7144.445963892688; 35562.36479045584
7144.128487024959; 35532.682987329346
7144.606849292421; 35505.22169507197
7150.453813913383; 35977.086649976256
7155.258449445443; 35995.87659833307
7160.931920952211; 36001.41645547464
7166.442314413253; 35994.209159575614
7173.102019815603; 35990.809530483726
7178.780972937353; 35997.36177339235
7184.4855069290215; 36008.63848321393
7190.195522535672; 36020.92757880256
7195.887266092383; 36029.84205516767
7201.59545449404; 36041.79368883395
7207.289025255743; 36051.045627121406
7212.953360737541; 36054.898174651215
7218.630486654297; 36061.112955637494
7224.303958161066; 36066.652812779066
7229.959157617893; 36068.818050697104
7235.599739434767; 36068.28359323632
7241.265902121559; 36072.473602688486
7246.924755988373; 36075.31376445123
7252.590918675166; 36079.503773903394
7258.268044591922; 36085.718554889674
7263.9451705086785; 36091.93333587595
7269.627778040418; 36099.16050262929
7275.2957679322035; 36103.6879740038
7280.950967389031; 36105.85321192184
7286.626266100793; 36111.73053098577
7292.285119967609; 36114.570692748515
7297.958591474377; 36120.110549890094
7303.637544596128; 36126.66279279872
7309.2799536179955; 36126.465797260294
7314.92967145984; 36127.61864941128
7320.61227899158; 36134.84581616461
7326.254688013448; 36134.648820626186
7331.90806026528; 36136.47659662188
7337.581531772049; 36142.01645376345
7343.236731228876; 36144.181691681486
7348.8827946607325; 36144.65961998777
7354.523376477607; 36144.12516252698
7360.195020779381; 36149.327557746205
7365.859356261179; 36153.18010527601
7371.499938078053; 36152.645647815225
7377.140519894927; 36152.111190354444
7382.786583326782; 36152.58911866072
7388.465536448533; 36159.14136156935
7394.1061182654075; 36158.60690410857
7399.746700082282; 36158.07244664779
7405.387281899156; 36157.537989187
7411.02786371603; 36157.00353172622
7416.672099942892; 36157.14399811014
7422.321817784737; 36158.296850261126
7427.966054011599; 36158.43731664505
7433.612117443456; 36158.91524495133
7439.25269926033; 36158.38078749055
7444.893281077204; 36157.846330029766
7450.533862894077; 36157.311872568986
7456.174444710951; 36156.7774151082
7461.81685373282; 36156.58041956977
7467.457435549693; 36156.04596210899
7473.107153391538; 36157.19881425997
7478.716672723513; 36150.92750411919
7484.355427335392; 36150.05558473605
7489.996009152266; 36149.521127275264
7495.638418174134; 36149.32413173684
7501.253419121091; 36144.06520736311
7506.894000937965; 36143.53074990233
7512.4943842449675; 36135.57213014978
7515.771933203186; 36132.89812984118
7517.494987512649; 36103.69825203189
7520.376098244462; 36065.03133149008
7523.686471635252; 36031.195328866444
7524.176847775551; 35991.47674580736
7524.754929755569; 35967.95633502123
7524.6233709959915; 35943.6590766118
7524.491812236414; 35919.361818202386
7525.748472471126; 35890.881402359526
7524.22869471726; 35870.76730138354
7524.540872690506; 35841.56605317051
7524.85085801776; 35811.959850650645
7524.719299258183; 35787.66259224122
7524.587740498606; 35763.3653338318
7524.273918040864; 35734.35845455001
7528.37534067947; 35705.994359882236
7527.879450295528; 35676.450045774385
7527.749414206779; 35652.43400563359
7527.272674671371; 35626.42661386431
7528.141416675537; 35603.232696876265
7527.052365954936; 35575.811877209504
7532.431017935902; 35880.11916494412
7533.039020397698; 35847.648590195335
7532.90746163812; 35823.35133178591
7532.775902878543; 35799.054073376494
7532.647998528954; 35775.43173881178
7532.031773644685; 35748.479323145264
7532.3848810098; 35726.83722199294
7531.605121278556; 35553.87314074641
7530.081003912828; 35518.48146476365
7534.864854988081; 36098.00079845958
7535.709937297865; 36080.36370225375
7533.184283194731; 36048.19004831652
7533.052724435154; 36023.8927899071
7533.824718545173; 35992.75721680715
7533.6931597855955; 35968.45995839773
7533.561601026018; 35944.16269998831
7533.881818701239; 35916.44628423363
7533.288042335469; 35595.84571168039
7534.069564014386; 35690.550643814226
7533.670091322545; 35660.20133986332
7532.6799746163515; 35491.815263629425
7532.3551889286455; 35460.78361281352
7532.223630169068; 35436.4863544041
7532.092071409491; 35412.189095994676
7531.960512649914; 35387.89183758526
7531.828953890336; 35363.594579175835
7531.9187153356725; 35336.7440872879
7534.22716044513; 35632.800116970124
7532.626072069024; 35308.14690162589
7532.308595201295; 35278.4650984994
7532.198962901647; 35258.21738315822
7534.767099520895; 35558.80687973134
7540.26858535759; 36097.15114813731
7542.9762747582645; 36119.51613726544
7547.292589755644; 36134.976004520446
7552.938653187501; 36135.45393282672
7558.542690904492; 36128.17023691888
7564.166827876419; 36124.59862215692
7569.818372923258; 36126.088936230255
7575.420583435255; 36118.46777840006
7581.0301027672285; 36112.19646825927
7586.610386819297; 36100.525767360836
7592.197979691341; 36090.204914151815
7597.789226973374; 36080.5589847875
7603.407882330318; 36075.97498425848
7609.037500917228; 36073.41575526358
7614.641538634219; 36066.13205935574
7620.271157221128; 36063.572830360834
7625.878849348108; 36056.9640582977
7631.504813525029; 36053.729905458094
7637.10885124202; 36046.446209550246
7642.723852188977; 36041.18728517652
7648.35529798088; 36038.96551810398
7653.961162902866; 36032.01928411848
7659.5615462098685; 36024.060664365934
7665.202128026743; 36023.52620690515
7670.8226105886815; 36019.279668298484
7676.459537995567; 36018.070286992996
7682.076366147518; 36013.148824541626
7687.702330324439; 36009.91467170202
7693.2789599665175; 35997.56904695887
7698.899442528456; 35993.32250835221
7704.497998630466; 35985.02642667731
7710.096554732475; 35976.730345002405
7715.700592449466; 35969.44664909456
7721.31011178144; 35963.17533895378
7726.910495088443; 35955.21671920123
7732.5108783954465; 35947.25809944868
7738.11126170245; 35939.29947969613
7743.689718549524; 35927.29131687534
7749.293756266515; 35920.007620967495
7754.881349138559; 35909.686767758474
7760.456151575645; 35897.00368109298
7766.007200347806; 35879.9335894369
7771.572866759921; 35865.563193159636
7776.14453365523; 35841.32674641643
7779.29691907135; 35815.53660442665
7780.652339735994; 35787.924681957564
7781.549131947112; 35745.095111095514
7783.471168880436; 35717.90218957164
7783.09179544353; 35691.26496676662
7783.676272641027; 35668.92567270872
7783.987354291277; 35639.52194734227
7783.8557955317; 35615.22468893285
7784.186610995887; 35589.46555232781
7784.05176326732; 35564.56086245816
7783.920204507743; 35540.263604048734
7783.606382050001; 35511.25672476695
7784.367412930056; 35478.09638013288
7787.723074901773; 35460.89667112253
7787.591516142195; 35436.59941271311
7788.140362842307; 35407.679611169326
7785.918253168822; 35388.138510259465
7785.9970513841945; 35359.263246837414
7786.234268272557; 35324.90328502454
7788.430888436373; 35287.622821529345
7787.574157694751; 35259.68028915664
7787.442598935174; 35235.383030747216
7787.318348995573; 35212.43562002721
7787.190444645984; 35188.81328546249
7785.663358072141; 35167.349336797095
7785.990884567339; 35140.982768731825
7785.859325807762; 35116.6855103224
7787.600652167166; 35090.86025173664
7787.469093407589; 35066.56299332722
7788.019767312694; 35037.98065370579
7785.792176024228; 35017.427167028865
7787.046095451448; 34988.440558302485
7785.984489349859; 34966.08841670947
7788.452814896303; 34944.24589400935
7787.583293719722; 34913.941128180166
7787.451734960145; 34889.64386977075
7787.320176200567; 34865.346611361325
7787.192271850978; 34841.72427679661
7787.068021911377; 34818.7768660766
7785.731193057549; 34789.02283125269
7791.967215301884; 35636.74002773871
7791.302752205769; 35600.87861732207
7790.916800830884; 35573.02653159658
7787.249372007045; 34765.41334422309
7793.077699137066; 35812.880305166436
7792.756567859347; 35782.523578195236
7792.62500909977; 35758.22631978581
7792.493450340193; 35733.929061376395
7792.3618915806155; 35709.63180296697
7792.45549015644; 35683.48998111598
7791.495796413399; 35549.67485177162
7791.364237653822; 35525.377593362195
7791.232678894245; 35501.08033495278
7791.101120134667; 35476.783076543354
7789.080322771411; 34738.76926939933
7788.358942239729; 34709.76724363081
7794.939621026082; 35855.65106286774
7793.027907800975; 35658.92343837055
7791.39575693997; 35444.34219387573
7791.700260652242; 35413.723605588806
7791.569798215661; 35389.6288243328
7791.4382394560835; 35365.33156592338
7791.306680696507; 35341.03430751396
7791.175121936929; 35316.73704910454
7789.626565704406; 34683.31159932208
7789.022217652598; 34658.552686150855
7788.89065889302; 34634.25542774144
7788.759100133443; 34609.958169332014
7788.141048044179; 34582.668291743146
7788.723469636057; 34545.47325008143
7791.480721972197; 35286.32093797103
7791.349163212621; 35262.02367956161
7791.6821713228; 35236.6694972634
7791.534167718275; 35209.335081552796
7791.399319989709; 35184.43039168314
7791.271050199121; 35160.740564733955
7791.139491439544; 35136.44330632454
7791.007932679967; 35112.146047915114
7789.758885799397; 34505.08402568934
7788.946388645341; 34470.83478107909
7788.814829885764; 34446.53752266966
7788.304016457606; 34421.68196177429
7788.334731773557; 34386.82160845375
7791.3244959451995; 35083.754708315726
7791.624614365485; 35052.32621141516
7791.487573990926; 35027.01656723868
7791.3560152313485; 35002.719308829255
7791.224456471771; 34978.42205041984
7788.539835534148; 34569.46273864965
7790.353610571569; 34354.352404108715
7789.097133057357; 34324.9621543791
7788.965574297779; 34300.664895969676
7788.827620320723; 34275.18652083202
7788.701543176128; 34251.90164818966
7791.519093277074; 34945.98116775221
7791.3875345174965; 34921.683909342784
7791.255975757919; 34897.38665093337
7791.124416998342; 34873.08939252394
7791.478255245455; 34851.58227614056
7791.347792808874; 34827.487494884546
7799.825110379133; 35872.00237775926
7791.691764149019; 34804.158084120456
7791.560205389442; 34779.86082571103
7791.337103659659; 34217.51701910937
7791.208468428073; 34193.759699775714
7791.076909668495; 34169.4624413663
7790.945350908918; 34145.16518295687
7790.813792149341; 34120.867924547456
7789.74030921529; 34096.32228045914
7790.8640402866795; 34072.243715647455
7791.357933796592; 34047.65084973008
7791.227654080511; 34023.58981466631
7791.096095320933; 33999.292556256885
7790.481697641658; 33972.677602512726
7789.883379366331; 33949.03231368527
7792.109463210677; 34533.87540898213
7791.1663513529575; 33925.4113495243
7791.685323251415; 33890.97404555004
7791.851644586005; 33849.31100232635
7791.534167718276; 33819.62919919986
7791.40534976619; 33795.83813367397
7791.529828106414; 33775.39941831074
7791.791803622447; 33751.402506722225
7791.1426890482835; 33718.37577645336
7790.821557770566; 33688.01904948216
7791.149084265763; 33661.65248141689
7790.779760456325; 33636.8712991848
7805.407221636195; 35860.66913878318
7810.983851278274; 35848.323514040036
7816.56778974033; 35837.32773698631
7822.146246587404; 35825.31957416552
7827.717394614501; 35811.96156365533
7833.31595071651; 35803.665481980424
7838.899889178566; 35792.669704926695
7844.507581305546; 35786.060932863555
7850.080556537638; 35773.04038427571
7855.666322204687; 35762.38206914433
7861.25756948672; 35752.73613978002
7866.836026333794; 35740.727976959235
7872.419964795849; 35729.732199905506
7878.024002512841; 35722.448503997664
7883.602459359915; 35710.44034117687
7889.169952977024; 35696.40740682197
7894.77581789901; 35689.461172836476
7900.368892386036; 35680.15270539452
7905.969275693039; 35672.19408564197
7911.54225092513; 35659.17353705412
7915.652091758174; 35636.500207083234
7915.26888119078; 35609.15431424126
7915.37015402758; 35549.68718540533
7915.851713903782; 35586.51130445325
7915.45703762505; 35513.61952922498
7915.270662715649; 35479.19841314497
7917.474728739817; 35451.978768748064
7916.865812675524; 35426.37620077096
7917.405066549415; 35395.68472413482
7917.47701274606; 35365.54397850395
7917.3454539864815; 35341.246720094525
7917.213895226905; 35316.94946168511
7917.082336467328; 35292.652203275684
7916.950777707751; 35268.35494486626
7916.819218948173; 35244.05768645684
7917.1686719033005; 35221.74066145981
7917.075484448599; 35204.5301034198
7916.953061713993; 35181.920154622145
7919.2621006650725; 35156.716374135016
7919.130541905495; 35132.41911572559
7919.205548670505; 35105.73883940289
7918.310675024631; 35085.22789234224
7919.098748538598; 35057.061984159
7918.980345654978; 35035.19445159052
7919.0254045301335; 35008.77361553693
7919.828397172878; 34974.67742218499
7920.001935967195; 34934.34735355459
7919.391466778658; 34902.66750176702
7923.545160531559; 35443.975610873786
7922.899700367383; 35411.62380444962
7922.768141607807; 35387.326546040196
7922.6365828482285; 35363.02928763078
7922.505024088652; 35338.732029221355
7922.621051605779; 35302.256449526074
7922.587248313388; 35238.108992197835
7920.508345831318; 34883.11389592298
7925.565592453817; 35556.55427857451
7924.43181175496; 35520.87239104855
7924.300252995383; 35496.57513263913
7924.168694235806; 35472.27787422971
7923.094297699258; 35273.8502638861
7922.6996214205265; 35200.95848865784
7922.579025890914; 35178.68600178254
7929.922105961067; 35579.43830812129
7935.588268647859; 35583.62831757345